1643731008170
0.9999517,0.009164644,0.003614156,0,
0.006504253,-0.8897134,0.4564734,0,
0.007398885,-0.4564277,-0.88973,0,
0.009871762,0.08427947,-0.1557949,1,
1643731008214
0.9999515,0.009172691,0.003598304,0,
0.006518781,-0.8897055,0.4564884,0,
0.007388671,-0.4564428,-0.889722,0,
0.009898162,0.08427038,-0.1557897,1,
1643731008258
0.9999518,0.009161675,0.003586246,0,
0.006513923,-0.8896959,0.4565076,0,
0.007372899,-0.4564621,-0.8897128,0,
0.00991305,0.08428134,-0.1557961,1,
1643731008302
0.9999518,0.009161675,0.003586246,0,
0.006513923,-0.8896959,0.4565076,0,
0.007372899,-0.4564621,-0.8897128,0,
0.00991305,0.08428134,-0.1557961,1,
1643731008346
0.9999515,0.009182934,0.003576197,0,
0.00653789,-0.8897119,0.4564759,0,
0.00737352,-0.4564304,-0.8897288,0,
0.009942481,0.08431367,-0.1557923,1,
1643731008390
0.9999515,0.009182934,0.003576197,0,
0.00653789,-0.8897119,0.4564759,0,
0.00737352,-0.4564304,-0.8897288,0,
0.009942481,0.08431367,-0.1557923,1,
1643731008434
0.9999514,0.009191731,0.00355945,0,
0.006553575,-0.889712,0.4564752,0,
0.007362708,-0.4564297,-0.889729,0,
0.009943906,0.08432697,-0.1557863,1,
1643731008478
0.9999514,0.009192092,0.003548041,0,
0.006559083,-0.8897057,0.4564873,0,
0.007352835,-0.4564418,-0.8897228,0,
0.00994106,0.08433796,-0.15581,1,
1643731008522
0.9999512,0.009202993,0.003549624,0,
0.006568134,-0.889709,0.4564807,0,
0.00735918,-0.4564353,-0.889726,0,
0.009939757,0.08434708,-0.1558085,1,
1643731008566
0.9999513,0.009197086,0.003557134,0,
0.006559432,-0.8897022,0.456494,0,
0.007363311,-0.4564485,-0.8897191,0,
0.009943562,0.08435172,-0.1558134,1,
1643731008610
0.9999515,0.009189788,0.003554398,0,
0.006554127,-0.8897163,0.4564669,0,
0.007357225,-0.4564214,-0.8897334,0,
0.009955242,0.08434797,-0.1558107,1,
1643731008654
0.9999517,0.009188578,0.003559999,0,
0.006550223,-0.8897257,0.4564492,0,
0.007361358,-0.4564037,-0.889743,0,
0.009945353,0.08433381,-0.1558,1,
1643731008698
0.9999517,0.009188578,0.003559999,0,
0.006550223,-0.8897257,0.4564492,0,
0.007361358,-0.4564037,-0.889743,0,
0.009945353,0.08433381,-0.1558,1,
1643731008742
0.9999514,0.00919945,0.003545199,0,
0.006567083,-0.8897177,0.4564638,0,
0.007353486,-0.4564184,-0.8897348,0,
0.009947567,0.08434795,-0.1557942,1,
1643731008786
0.9999514,0.00919945,0.003545199,0,
0.006567083,-0.8897177,0.4564638,0,
0.007353486,-0.4564184,-0.8897348,0,
0.009947567,0.08434795,-0.1557942,1,
1643731008830
0.9999514,0.009208629,0.003537739,0,
0.006578548,-0.8897167,0.4564655,0,
0.007351019,-0.4564201,-0.8897341,0,
0.00994636,0.08436827,-0.1557827,1,
1643731008874
0.9999514,0.009208629,0.003537739,0,
0.006578548,-0.8897167,0.4564655,0,
0.007351019,-0.4564201,-0.8897341,0,
0.00994636,0.08436827,-0.1557827,1,
1643731008918
0.9999515,0.009207809,0.003539685,0,
0.006576728,-0.8897155,0.4564684,0,
0.007352312,-0.4564229,-0.8897328,0,
0.009959744,0.08437219,-0.1557899,1,
1643731008962
0.9999512,0.009221477,0.003571562,0,
0.006573988,-0.8897033,0.4564924,0,
0.00738703,-0.4564466,-0.8897206,0,
0.009954642,0.08438568,-0.1557868,1,
1643731009006
0.9999513,0.009213438,0.00355503,0,
0.0065748,-0.8897182,0.456463,0,
0.00736851,-0.4564174,-0.8897355,0,
0.009932228,0.08438262,-0.1558098,1,
1643731009050
0.9999513,0.009213438,0.00355503,0,
0.0065748,-0.8897182,0.456463,0,
0.00736851,-0.4564174,-0.8897355,0,
0.009932228,0.08438262,-0.1558098,1,
1643731009094
0.999951,0.009222075,0.00357951,0,
0.006571073,-0.8896919,0.4565141,0,
0.007394689,-0.4564682,-0.889709,0,
0.009935253,0.08438461,-0.1558229,1,
1643731009138
0.9999509,0.009243062,0.003562074,0,
0.006597873,-0.8896982,0.4565013,0,
0.007388684,-0.4564554,-0.8897156,0,
0.009924321,0.08439094,-0.1558214,1,
1643731009182
0.9999509,0.009243062,0.003562074,0,
0.006597873,-0.8896982,0.4565013,0,
0.007388684,-0.4564554,-0.8897156,0,
0.009924321,0.08439094,-0.1558214,1,
1643731009226
0.9999509,0.009234995,0.003584443,0,
0.006580733,-0.889708,0.4564822,0,
0.0074048,-0.4564363,-0.8897251,0,
0.009931242,0.08438757,-0.1558095,1,
1643731009270
0.9999511,0.00923132,0.003596144,0,
0.006571865,-0.8897215,0.4564568,0,
0.007413147,-0.4564107,-0.8897387,0,
0.009931203,0.08439433,-0.1557803,1,
1643731009314
0.9999511,0.00923132,0.003596144,0,
0.006571865,-0.8897215,0.4564568,0,
0.007413147,-0.4564107,-0.8897387,0,
0.009931203,0.08439433,-0.1557803,1,
1643731009358
0.9999511,0.009224303,0.003606485,0,
0.006561436,-0.8897498,0.4564018,0,
0.007418771,-0.4563557,-0.8897668,0,
0.009932293,0.08439924,-0.1557751,1,
1643731009402
0.9999508,0.009240706,0.003618876,0,
0.006570823,-0.8897647,0.4563724,0,
0.007437146,-0.4563261,-0.8897815,0,
0.009919237,0.08439217,-0.1557522,1,
1643731009446
0.9999508,0.00924214,0.00363883,0,
0.006562227,-0.8897339,0.4564329,0,
0.007455889,-0.4563865,-0.8897507,0,
0.009934533,0.08438463,-0.1557307,1,
1643731009490
0.9999508,0.00924214,0.00363883,0,
0.006562227,-0.8897339,0.4564329,0,
0.007455889,-0.4563865,-0.8897507,0,
0.009934533,0.08438463,-0.1557307,1,
1643731009534
0.9999504,0.009284746,0.003640151,0,
0.006599642,-0.8897461,0.4564084,0,
0.007476305,-0.4563616,-0.8897634,0,
0.009922558,0.08438057,-0.1557053,1,
1643731009600
0.9999502,0.009289846,0.003627416,0,
0.006610909,-0.8897769,0.4563478,0,
0.007467006,-0.4563011,-0.8897941,0,
0.009924672,0.08438469,-0.1556963,1,
1643731009600
0.9999501,0.009312889,0.003611254,0,
0.0066383,-0.8897433,0.456413,0,
0.007463658,-0.4563663,-0.8897606,0,
0.009893464,0.08436065,-0.1557052,1,
1643731009644
0.9999501,0.009327637,0.003596699,0,
0.006657869,-0.8897426,0.4564142,0,
0.007457376,-0.4563675,-0.8897603,0,
0.009882255,0.08435404,-0.1556964,1,
1643731009688
0.9999501,0.009327637,0.003596699,0,
0.006657869,-0.8897426,0.4564142,0,
0.007457376,-0.4563675,-0.8897603,0,
0.009882255,0.08435404,-0.1556964,1,
1643731009776
0.9999501,0.00931455,0.003603349,0,
0.006642921,-0.8897227,0.456453,0,
0.007457627,-0.4564063,-0.8897403,0,
0.009858044,0.0843548,-0.1556769,1,
1643731009776
0.9999501,0.00931455,0.003603349,0,
0.006642921,-0.8897227,0.456453,0,
0.007457627,-0.4564063,-0.8897403,0,
0.009858044,0.0843548,-0.1556769,1,
1643731009820
0.9999502,0.009316277,0.003616229,0,
0.006639266,-0.8897713,0.4563585,0,
0.007469128,-0.4563117,-0.8897889,0,
0.009833848,0.08436369,-0.1556998,1,
1643731009864
0.9999503,0.009286353,0.00361016,0,
0.006614534,-0.8897018,0.4564941,0,
0.007451189,-0.4564475,-0.889719,0,
0.009857336,0.08436078,-0.1557044,1,
1643731009908
0.9999505,0.009285973,0.003606429,0,
0.006616576,-0.8897603,0.4563805,0,
0.007446742,-0.456334,-0.8897776,0,
0.009860669,0.08436394,-0.1557119,1,
1643731009952
0.9999507,0.00928727,0.003608737,0,
0.006615944,-0.8897397,0.4564212,0,
0.007449519,-0.4563746,-0.8897572,0,
0.009854221,0.08436784,-0.1557246,1,
1643731009996
0.9999504,0.009290423,0.003603239,0,
0.006621528,-0.8897327,0.456434,0,
0.007446329,-0.4563874,-0.8897502,0,
0.009830981,0.08436237,-0.1557111,1,
1643731010040
0.9999504,0.009290423,0.003603239,0,
0.006621528,-0.8897327,0.456434,0,
0.007446329,-0.4563874,-0.8897502,0,
0.009830981,0.08436237,-0.1557111,1,
1643731010084
0.9999506,0.009284046,0.003586598,0,
0.006623276,-0.8897282,0.456443,0,
0.007428636,-0.4563966,-0.8897458,0,
0.009840926,0.08436372,-0.1557212,1,
1643731010128
0.9999508,0.009273041,0.003583604,0,
0.006614739,-0.8897259,0.4564478,0,
0.00742096,-0.4564015,-0.8897434,0,
0.009830968,0.08436792,-0.1557167,1,
1643731010172
0.9999508,0.009263076,0.003571214,0,
0.00661153,-0.8897136,0.4564715,0,
0.007405649,-0.4564254,-0.889731,0,
0.009857168,0.08437894,-0.1557215,1,
1643731010216
0.9999506,0.009267788,0.003570026,0,
0.006617073,-0.8897544,0.4563917,0,
0.00740619,-0.4563456,-0.8897718,0,
0.00985452,0.08438262,-0.155738,1,
1643731010260
0.9999509,0.009241398,0.003544128,0,
0.006605653,-0.8897536,0.4563931,0,
0.007371232,-0.4563474,-0.8897709,0,
0.00986721,0.08438414,-0.1557533,1,
1643731010304
0.9999509,0.009241398,0.003544128,0,
0.006605653,-0.8897536,0.4563931,0,
0.007371232,-0.4563474,-0.8897709,0,
0.00986721,0.08438414,-0.1557533,1,
1643731010392
0.9999508,0.009253854,0.003558308,0,
0.006610299,-0.889759,0.4563825,0,
0.007389423,-0.4563366,-0.8897763,0,
0.009871175,0.08435083,-0.1557751,1,
1643731010436
0.9999509,0.009238092,0.00355573,0,
0.006597091,-0.88974,0.4564198,0,
0.0073802,-0.456374,-0.8897573,0,
0.009906742,0.08432794,-0.1557997,1,
1643731010480
0.9999509,0.009238092,0.00355573,0,
0.006597091,-0.88974,0.4564198,0,
0.0073802,-0.456374,-0.8897573,0,
0.009906742,0.08432794,-0.1557997,1,
1643731010524
0.9999508,0.009255802,0.00357211,0,
0.006604331,-0.8896919,0.4565137,0,
0.007403438,-0.4564677,-0.8897094,0,
0.00991365,0.08432748,-0.1557927,1,
1643731010568
0.9999509,0.009258877,0.003580227,0,
0.00660325,-0.8896977,0.4565027,0,
0.007411907,-0.4564565,-0.8897153,0,
0.00990901,0.08435526,-0.155767,1,
1643731010612
0.9999509,0.009258877,0.003580227,0,
0.00660325,-0.8896977,0.4565027,0,
0.007411907,-0.4564565,-0.8897153,0,
0.00990901,0.08435526,-0.155767,1,
1643731010656
0.9999508,0.009252205,0.003584169,0,
0.006596487,-0.8897352,0.4564293,0,
0.007411973,-0.4563832,-0.8897524,0,
0.009904318,0.08434881,-0.1557675,1,
1643731010700
0.9999509,0.009244116,0.00359332,0,
0.006584326,-0.8897,0.4564985,0,
0.007416832,-0.4564523,-0.8897172,0,
0.00988752,0.0843389,-0.1557677,1,
1643731010744
0.9999511,0.009235801,0.003597645,0,
0.006575234,-0.8897321,0.4564363,0,
0.007416338,-0.4563901,-0.8897493,0,
0.009880678,0.0843274,-0.1557353,1,
1643731010788
0.9999511,0.009235801,0.003597645,0,
0.006575234,-0.8897321,0.4564363,0,
0.007416338,-0.4563901,-0.8897493,0,
0.009880678,0.0843274,-0.1557353,1,
1643731010876
0.9999509,0.009243703,0.003594592,0,
0.006583741,-0.8897199,0.4564597,0,
0.007417514,-0.4564136,-0.889737,0,
0.009874789,0.08431284,-0.155729,1,
1643731010876
0.9999509,0.009243703,0.003594592,0,
0.006583741,-0.8897199,0.4564597,0,
0.007417514,-0.4564136,-0.889737,0,
0.009874789,0.08431284,-0.155729,1,
1643731011096
0.9999509,0.009221258,0.003617238,0,
0.006553104,-0.8896841,0.4565294,0,
0.007428022,-0.4564834,-0.8897008,0,
0.009885648,0.08426113,-0.1557426,1,
1643731011228
0.9999512,0.009188022,0.003635358,0,
0.006515542,-0.8897017,0.4564956,0,
0.007428737,-0.4564497,-0.8897181,0,
0.00989687,0.0842503,-0.1557481,1,
1643731011272
0.9999511,0.009184744,0.003668953,0,
0.006497785,-0.8897447,0.4564123,0,
0.007456436,-0.4563661,-0.889761,0,
0.009880769,0.08424675,-0.1557488,1,
1643731011404
0.9999514,0.009163439,0.00368244,0,
0.006472394,-0.8897358,0.4564302,0,
0.007458795,-0.4563841,-0.8897519,0,
0.009894652,0.08423965,-0.1557298,1,
1643731011492
0.9999514,0.009150319,0.003686354,0,
0.006459236,-0.8897388,0.4564243,0,
0.007456347,-0.4563783,-0.8897546,0,
0.00988803,0.08424926,-0.1557375,1,
1643731011492
0.9999514,0.009150319,0.003686354,0,
0.006459236,-0.8897388,0.4564243,0,
0.007456347,-0.4563783,-0.8897546,0,
0.00988803,0.08424926,-0.1557375,1,
1643731011580
0.9999513,0.009132786,0.003688045,0,
0.006442809,-0.889722,0.4564568,0,
0.007450171,-0.4564109,-0.8897377,0,
0.009878252,0.0842323,-0.1557315,1,
1643731011668
0.9999514,0.009146579,0.003673492,0,
0.00646182,-0.8897375,0.4564265,0,
0.007443229,-0.4563806,-0.8897534,0,
0.009873813,0.08424623,-0.1557289,1,
1643731011932
0.9999525,0.009066185,0.003602287,0,
0.00642241,-0.8897376,0.4564276,0,
0.007343045,-0.4563828,-0.8897536,0,
0.01004105,0.08430137,-0.1557377,1,
1643731011977
0.9999525,0.009066185,0.003602287,0,
0.00642241,-0.8897376,0.4564276,0,
0.007343045,-0.4563828,-0.8897536,0,
0.01004105,0.08430137,-0.1557377,1,
1643731012153
0.9999526,0.009049263,0.003608596,0,
0.006405102,-0.8897558,0.4563918,0,
0.007340809,-0.456347,-0.8897715,0,
0.01016948,0.08434866,-0.1556631,1,
1643731012197
0.9999527,0.009057226,0.003575586,0,
0.006426733,-0.8897359,0.4564306,0,
0.007315282,-0.4563859,-0.889752,0,
0.01019872,0.08436172,-0.1556577,1,
1643731012241
0.9999524,0.009088485,0.003553757,0,
0.006464666,-0.8897338,0.456434,0,
0.007310235,-0.4563893,-0.8897501,0,
0.0101956,0.08440126,-0.1556365,1,
1643731012285
0.9999524,0.009088485,0.003553757,0,
0.006464666,-0.8897338,0.456434,0,
0.007310235,-0.4563893,-0.8897501,0,
0.0101956,0.08440126,-0.1556365,1,
1643731012329
0.9999523,0.009101,0.003549464,0,
0.006477877,-0.8897442,0.4564135,0,
0.007311942,-0.4563687,-0.8897607,0,
0.01022206,0.08440956,-0.1556466,1,
1643731012373
0.9999518,0.00915982,0.003569452,0,
0.006521335,-0.8897641,0.4563743,0,
0.007356245,-0.456329,-0.8897808,0,
0.01014887,0.08441423,-0.1556863,1,
1643731012417
0.9999518,0.009171737,0.00356715,0,
0.006531941,-0.8897157,0.4564687,0,
0.007360231,-0.4564232,-0.8897328,0,
0.01013324,0.08442461,-0.1556872,1,
1643731012461
0.9999518,0.009171737,0.00356715,0,
0.006531941,-0.8897157,0.4564687,0,
0.007360231,-0.4564232,-0.8897328,0,
0.01013324,0.08442461,-0.1556872,1,
1643731012527
0.9999516,0.009179143,0.003560307,0,
0.006542904,-0.8897769,0.4563489,0,
0.007356751,-0.4563034,-0.8897939,0,
0.0100879,0.08440962,-0.1557116,1,
1643731012571
0.9999512,0.009206714,0.003578076,0,
0.006559173,-0.8897661,0.4563697,0,
0.007385293,-0.456324,-0.8897832,0,
0.01000509,0.08441083,-0.155753,1,
1643731012615
0.9999512,0.009206714,0.003578076,0,
0.006559173,-0.8897661,0.4563697,0,
0.007385293,-0.456324,-0.8897832,0,
0.01000509,0.08441083,-0.155753,1,
1643731012659
0.9999508,0.009233832,0.003589226,0,
0.006578138,-0.8897451,0.4564102,0,
0.007407999,-0.4563642,-0.889762,0,
0.009988969,0.08440255,-0.1558019,1,
1643731012703
0.9999508,0.009245921,0.003576089,0,
0.006594842,-0.889742,0.4564161,0,
0.007401879,-0.4563701,-0.8897591,0,
0.009944217,0.08438557,-0.1558159,1,
1643731012747
0.9999508,0.009245921,0.003576089,0,
0.006594842,-0.889742,0.4564161,0,
0.007401879,-0.4563701,-0.8897591,0,
0.009944217,0.08438557,-0.1558159,1,
1643731012791
0.9999509,0.009236937,0.003572028,0,
0.006588725,-0.8897509,0.4563988,0,
0.007393979,-0.4563529,-0.8897681,0,
0.009956098,0.08436972,-0.1558211,1,
1643731012835
0.9999511,0.009254297,0.003561636,0,
0.006608231,-0.8897334,0.4564332,0,
0.007392752,-0.4563872,-0.8897509,0,
0.009882291,0.08433469,-0.1558199,1,
1643731012879
0.9999511,0.009254297,0.003561636,0,
0.006608231,-0.8897334,0.4564332,0,
0.007392752,-0.4563872,-0.8897509,0,
0.009882291,0.08433469,-0.1558199,1,
1643731012923
0.9999509,0.009258891,0.003570361,0,
0.006608807,-0.8897521,0.4563965,0,
0.007402406,-0.4563504,-0.8897696,0,
0.009875007,0.08433061,-0.1558301,1,
1643731012967
0.9999505,0.009265594,0.003588064,0,
0.006606404,-0.8897131,0.456472,0,
0.0074219,-0.4564258,-0.8897303,0,
0.009861208,0.08433408,-0.1558309,1,
1643731013011
0.9999504,0.009285051,0.003575085,0,
0.006630536,-0.8897665,0.4563677,0,
0.00741849,-0.4563214,-0.8897839,0,
0.009849922,0.08435284,-0.1558152,1,
1643731013055
0.9999506,0.009279696,0.003575278,0,
0.006625133,-0.8897548,0.4563909,0,
0.007416227,-0.4563446,-0.8897724,0,
0.009843823,0.08434603,-0.1558176,1,
1643731013099
0.9999509,0.00925822,0.003556486,0,
0.006614076,-0.8897199,0.4564591,0,
0.007390244,-0.4564131,-0.8897374,0,
0.009845273,0.08434092,-0.155821,1,
1643731013143
0.9999509,0.00925822,0.003556486,0,
0.006614076,-0.8897199,0.4564591,0,
0.007390244,-0.4564131,-0.8897374,0,
0.009845273,0.08434092,-0.155821,1,
1643731013187
0.9999507,0.009270508,0.0035799,0,
0.006614517,-0.889735,0.4564296,0,
0.007416436,-0.4563833,-0.8897526,0,
0.009834668,0.08435046,-0.1558194,1,
1643731013231
0.9999502,0.009291291,0.003592111,0,
0.006627958,-0.8897338,0.4564311,0,
0.007437019,-0.4563847,-0.8897511,0,
0.009805392,0.08434637,-0.1558194,1,
1643731013275
0.9999505,0.009279102,0.003591228,0,
0.006616984,-0.8897253,0.4564484,0,
0.007430651,-0.4564021,-0.8897427,0,
0.009786416,0.08435161,-0.1558097,1,
1643731013319
0.9999505,0.009279102,0.003591228,0,
0.006616984,-0.8897253,0.4564484,0,
0.007430651,-0.4564021,-0.8897427,0,
0.009786416,0.08435161,-0.1558097,1,
1643731013363
0.9999505,0.009284867,0.003583854,0,
0.006625649,-0.8897368,0.456426,0,
0.00742654,-0.4563797,-0.8897542,0,
0.009794557,0.08434501,-0.1557953,1,
1643731013407
0.9999505,0.009284867,0.003583854,0,
0.006625649,-0.8897368,0.456426,0,
0.00742654,-0.4563797,-0.8897542,0,
0.009794557,0.08434501,-0.1557953,1,
1643731013451
0.9999502,0.009307051,0.00359083,0,
0.00664193,-0.8897177,0.4564627,0,
0.007443153,-0.4564161,-0.8897353,0,
0.009794148,0.08435068,-0.1557993,1,
1643731013495
0.9999502,0.009287296,0.003602037,0,
0.006619848,-0.8897276,0.4564434,0,
0.007444154,-0.456397,-0.8897446,0,
0.009787366,0.08436302,-0.1557809,1,
1643731013539
0.9999503,0.009274831,0.003622813,0,
0.006598486,-0.8896883,0.4565206,0,
0.007457475,-0.4564741,-0.8897051,0,
0.009776222,0.08436344,-0.1557702,1,
1643731013561
0.9999506,0.00926386,0.003626233,0,
0.006588165,-0.8897838,0.4563351,0,
0.007453909,-0.4562885,-0.889801,0,
0.009794006,0.08437356,-0.1557548,1,
1643731013605
0.9999506,0.00926386,0.003626233,0,
0.006588165,-0.8897838,0.4563351,0,
0.007453909,-0.4562885,-0.889801,0,
0.009794006,0.08437356,-0.1557548,1,
1643731013649
0.9999507,0.009258281,0.003604464,0,
0.006592054,-0.8897117,0.4564754,0,
0.00743306,-0.4564291,-0.8897289,0,
0.009795682,0.08437051,-0.1557541,1,
1643731013693
0.9999509,0.009234231,0.003599513,0,
0.006572841,-0.8897008,0.4564968,0,
0.007417886,-0.4564507,-0.8897179,0,
0.009830734,0.08435033,-0.1557588,1,
1643731013737
0.9999509,0.009234231,0.003599513,0,
0.006572841,-0.8897008,0.4564968,0,
0.007417886,-0.4564507,-0.8897179,0,
0.009830734,0.08435033,-0.1557588,1,
1643731013781
0.9999509,0.009224394,0.003589097,0,
0.00656989,-0.8897544,0.4563921,0,
0.00740342,-0.4563462,-0.8897713,0,
0.009829441,0.08435389,-0.1557455,1,
1643731013825
0.9999511,0.009199001,0.003610209,0,
0.006537428,-0.8897275,0.4564448,0,
0.007411097,-0.456399,-0.889744,0,
0.009840659,0.08434383,-0.1557569,1,
1643731013869
0.9999512,0.009196175,0.003614077,0,
0.0065329,-0.8897339,0.4564329,0,
0.007413012,-0.456387,-0.8897505,0,
0.009831991,0.08434394,-0.1557514,1,
1643731013891
0.9999512,0.009196175,0.003614077,0,
0.0065329,-0.8897339,0.4564329,0,
0.007413012,-0.456387,-0.8897505,0,
0.009831991,0.08434394,-0.1557514,1,
1643731013979
0.9999512,0.00920576,0.00358958,0,
0.006552389,-0.8897147,0.4564698,0,
0.007395891,-0.456424,-0.8897316,0,
0.009868083,0.08433139,-0.1557573,1,
1643731013979
0.9999512,0.00920576,0.00358958,0,
0.006552389,-0.8897147,0.4564698,0,
0.007395891,-0.456424,-0.8897316,0,
0.009868083,0.08433139,-0.1557573,1,
1643731014023
0.9999514,0.009206034,0.003566692,0,
0.006562425,-0.8896946,0.4565094,0,
0.007375812,-0.4564637,-0.8897118,0,
0.009874294,0.08432975,-0.1557599,1,
1643731014067
0.9999515,0.009203076,0.003541492,0,
0.006572101,-0.8897345,0.4564312,0,
0.007351533,-0.4563857,-0.8897517,0,
0.009884945,0.08432588,-0.1557482,1,
1643731014111
0.9999515,0.009171311,0.003552582,0,
0.006538494,-0.8896967,0.4565049,0,
0.007347578,-0.4564597,-0.8897135,0,
0.009909869,0.08431958,-0.1557524,1,
1643731014155
0.9999517,0.009182001,0.003548156,0,
0.006550206,-0.8897336,0.4564333,0,
0.007347825,-0.4563879,-0.8897508,0,
0.009908383,0.08430861,-0.1557576,1,
1643731014221
0.9999517,0.009171085,0.003575087,0,
0.006528379,-0.8897426,0.4564162,0,
0.007366692,-0.4563707,-0.8897594,0,
0.009940495,0.08430921,-0.1557845,1,
1643731014265
0.9999517,0.009171085,0.003575087,0,
0.006528379,-0.8897426,0.4564162,0,
0.007366692,-0.4563707,-0.8897594,0,
0.009940495,0.08430921,-0.1557845,1,
1643731014309
0.9999514,0.009179085,0.003608156,0,
0.006520642,-0.889748,0.4564056,0,
0.007399743,-0.45636,-0.8897645,0,
0.00997049,0.08430123,-0.155798,1,
1643731014353
0.9999514,0.009191861,0.003594749,0,
0.006537132,-0.8896893,0.4565198,0,
0.007394471,-0.4564741,-0.8897061,0,
0.009966499,0.08429921,-0.1557961,1,
1643731014397
0.9999514,0.009191861,0.003594749,0,
0.006537132,-0.8896893,0.4565198,0,
0.007394471,-0.4564741,-0.8897061,0,
0.009966499,0.08429921,-0.1557961,1,
1643731014441
0.999951,0.009212282,0.003603907,0,
0.006552311,-0.8897573,0.4563869,0,
0.00741099,-0.4563409,-0.8897741,0,
0.009961654,0.0843046,-0.1557781,1,
1643731014485
0.9999508,0.009257473,0.003587414,0,
0.00659983,-0.8897542,0.4563923,0,
0.007416912,-0.4563462,-0.8897716,0,
0.009911863,0.08431485,-0.1557866,1,
1643731014529
0.9999508,0.009261677,0.003595917,0,
0.006599518,-0.8897545,0.4563922,0,
0.007426316,-0.4563459,-0.8897718,0,
0.009910986,0.08431216,-0.1557936,1,
1643731014551
0.9999508,0.00925477,0.003615381,0,
0.006583417,-0.8896902,0.4565177,0,
0.007441409,-0.4564713,-0.8897074,0,
0.009887574,0.08432576,-0.1557908,1,
1643731014617
0.9999504,0.009256087,0.003621798,0,
0.006582707,-0.889712,0.4564743,0,
0.007447671,-0.4564279,-0.8897288,0,
0.009882839,0.08432665,-0.1557869,1,
1643731014617
0.9999504,0.009256301,0.003632467,0,
0.006578099,-0.8897207,0.4564576,0,
0.007457122,-0.4564112,-0.8897375,0,
0.009868754,0.0843335,-0.1557746,1,
1643731014661
0.9999506,0.009260306,0.003636805,0,
0.006578967,-0.8897071,0.4564845,0,
0.0074628,-0.456438,-0.8897242,0,
0.00986705,0.08433075,-0.1557824,1,
1643731014683
0.9999506,0.009260306,0.003636805,0,
0.006578967,-0.8897071,0.4564845,0,
0.0074628,-0.456438,-0.8897242,0,
0.00986705,0.08433075,-0.1557824,1,
1643731014727
0.9999505,0.00926045,0.003643334,0,
0.006576842,-0.8897306,0.4564385,0,
0.00746848,-0.4563919,-0.8897474,0,
0.009882874,0.08433115,-0.15577,1,
1643731014771
0.9999503,0.00927134,0.003663624,0,
0.006577011,-0.8897242,0.456451,0,
0.007491526,-0.4564043,-0.889741,0,
0.009840284,0.08434462,-0.1557734,1,
1643731014815
0.9999501,0.00926684,0.003678847,0,
0.006566809,-0.8897467,0.456407,0,
0.007502852,-0.4563603,-0.8897631,0,
0.009827852,0.08434336,-0.1557802,1,
1643731014859
0.9999504,0.00925885,0.003684696,0,
0.006555853,-0.8897008,0.4564972,0,
0.007504897,-0.4564504,-0.8897173,0,
0.009817889,0.08433947,-0.1557897,1,
1643731014881
0.9999504,0.00925885,0.003684696,0,
0.006555853,-0.8897008,0.4564972,0,
0.007504897,-0.4564504,-0.8897173,0,
0.009817889,0.08433947,-0.1557897,1,
1643731014925
0.9999504,0.009262383,0.003680639,0,
0.006561879,-0.8897668,0.4563686,0,
0.007501934,-0.4563218,-0.8897834,0,
0.00978721,0.08434559,-0.1557926,1,
1643731014969
0.9999504,0.009267768,0.003669912,0,
0.006570572,-0.8897083,0.4564824,0,
0.007495673,-0.4564355,-0.8897251,0,
0.00978063,0.08432303,-0.155795,1,
1643731015013
0.9999505,0.00927381,0.003669672,0,
0.006576575,-0.8897516,0.4563982,0,
0.007497527,-0.4563513,-0.8897685,0,
0.009766091,0.08431225,-0.1557898,1,
1643731015057
0.9999505,0.00927381,0.003669672,0,
0.006576575,-0.8897516,0.4563982,0,
0.007497527,-0.4563513,-0.8897685,0,
0.009766091,0.08431225,-0.1557898,1,
1643731015101
0.9999502,0.009278167,0.003662843,0,
0.006583905,-0.8897442,0.4564119,0,
0.007493728,-0.4563651,-0.889761,0,
0.00976593,0.08429993,-0.1557928,1,
1643731015145
0.9999501,0.009269809,0.003655437,0,
0.00658023,-0.8897522,0.456396,0,
0.007483295,-0.4563493,-0.8897688,0,
0.009768744,0.08429847,-0.1557916,1,
1643731015189
0.9999506,0.009274397,0.00363861,0,
0.006590966,-0.889734,0.4564322,0,
0.007470381,-0.4563855,-0.8897512,0,
0.009770998,0.08430254,-0.1557875,1,
1643731015233
0.9999505,0.009259304,0.003637608,0,
0.006578684,-0.8897566,0.456388,0,
0.00746242,-0.4563415,-0.8897735,0,
0.009782303,0.08431019,-0.1557923,1,
1643731015277
0.9999505,0.009239418,0.003653612,0,
0.006554259,-0.8897636,0.4563741,0,
0.007467666,-0.4563277,-0.88978,0,
0.009792028,0.08431111,-0.1557731,1,
1643731015321
0.9999505,0.009239418,0.003653612,0,
0.006554259,-0.8897636,0.4563741,0,
0.007467666,-0.4563277,-0.88978,0,
0.009792028,0.08431111,-0.1557731,1,
1643731015365
0.9999505,0.009263335,0.003643103,0,
0.006579781,-0.8897634,0.4563747,0,
0.007469009,-0.4563281,-0.8897804,0,
0.009796902,0.08431686,-0.1557623,1,
1643731015409
0.9999505,0.009259753,0.003655329,0,
0.006570332,-0.8897143,0.4564705,0,
0.007479004,-0.4564239,-0.889731,0,
0.009809107,0.08433429,-0.1557689,1,
1643731015453
0.9999505,0.009259753,0.003655329,0,
0.006570332,-0.8897143,0.4564705,0,
0.007479004,-0.4564239,-0.889731,0,
0.009809107,0.08433429,-0.1557689,1,
1643731015497
0.9999503,0.009267675,0.003660701,0,
0.006575463,-0.8897492,0.4564025,0,
0.007486895,-0.4563558,-0.889766,0,
0.009806533,0.0843396,-0.1557599,1,
1643731015541
0.9999502,0.009268166,0.003664691,0,
0.006574109,-0.8897334,0.456433,0,
0.007491015,-0.4563863,-0.8897499,0,
0.009815586,0.08434185,-0.1557608,1,
1643731015585
0.9999502,0.009268166,0.003664691,0,
0.006574109,-0.8897334,0.456433,0,
0.007491015,-0.4563863,-0.8897499,0,
0.009815586,0.08434185,-0.1557608,1,
1643731015629
0.9999502,0.009269521,0.003646299,0,
0.006583808,-0.8897324,0.4564347,0,
0.007475322,-0.4563881,-0.8897491,0,
0.009814961,0.08434826,-0.1557485,1,
1643731015673
0.9999502,0.009266762,0.003667725,0,
0.006571554,-0.8897429,0.4564145,0,
0.007492884,-0.4563677,-0.8897595,0,
0.009805799,0.08438087,-0.155736,1,
1643731015717
0.9999502,0.009266762,0.003667725,0,
0.006571554,-0.8897429,0.4564145,0,
0.007492884,-0.4563677,-0.8897595,0,
0.009805799,0.08438087,-0.155736,1,
1643731015761
0.9999503,0.009275705,0.003658907,0,
0.006582914,-0.8897193,0.4564607,0,
0.007489379,-0.4564139,-0.8897361,0,
0.009787109,0.0843846,-0.1557424,1,
1643731015805
0.9999501,0.009300157,0.003688293,0,
0.006591039,-0.8897215,0.4564565,0,
0.007526556,-0.4564094,-0.8897384,0,
0.009787774,0.08437039,-0.1557645,1,
1643731015849
0.9999501,0.009300157,0.003688293,0,
0.006591039,-0.8897215,0.4564565,0,
0.007526556,-0.4564094,-0.8897384,0,
0.009787774,0.08437039,-0.1557645,1,
1643731015893
0.9999499,0.009294013,0.003715258,0,
0.006573414,-0.8897067,0.4564852,0,
0.007548116,-0.4564379,-0.8897232,0,
0.009783415,0.08438924,-0.1557655,1,
1643731015937
0.9999498,0.009302096,0.003718309,0,
0.006579343,-0.8897173,0.4564645,0,
0.007554339,-0.4564171,-0.8897339,0,
0.009804698,0.08438677,-0.1557491,1,
1643731015981
0.9999498,0.009300541,0.003725441,0,
0.006574683,-0.8897026,0.4564928,0,
0.007560264,-0.4564455,-0.889719,0,
0.009803738,0.08438866,-0.155748,1,
1643731016003
0.9999498,0.009300541,0.003725441,0,
0.006574683,-0.8897026,0.4564928,0,
0.007560264,-0.4564455,-0.889719,0,
0.009803738,0.08438866,-0.155748,1,
1643731016047
0.9999501,0.009283047,0.003732316,0,
0.006555708,-0.8897194,0.4564612,0,
0.007557961,-0.4564138,-0.8897359,0,
0.009820246,0.08440004,-0.1557374,1,
1643731016091
0.99995,0.009300496,0.003743183,0,
0.006566115,-0.8897153,0.4564692,0,
0.007575611,-0.4564216,-0.8897318,0,
0.009799083,0.08443422,-0.1557641,1,
1643731016135
0.99995,0.009300496,0.003743183,0,
0.006566115,-0.8897153,0.4564692,0,
0.007575611,-0.4564216,-0.8897318,0,
0.009799083,0.08443422,-0.1557641,1,
1643731016179
0.9999499,0.009304419,0.003763122,0,
0.00656043,-0.8897092,0.456481,0,
0.007595234,-0.4564333,-0.8897256,0,
0.009800206,0.08441922,-0.1557433,1,
1643731016223
0.9999494,0.009327173,0.003762977,0,
0.006581586,-0.889733,0.4564337,0,
0.007605334,-0.4563859,-0.8897493,0,
0.009783531,0.08443272,-0.1557443,1,
1643731016267
0.9999496,0.009329224,0.00375241,0,
0.006587893,-0.8897256,0.4564484,0,
0.007596873,-0.4564006,-0.8897421,0,
0.009769268,0.08444799,-0.1557333,1,
1643731016311
0.9999495,0.009332888,0.0037273,0,
0.006602775,-0.8897189,0.4564608,0,
0.007576415,-0.4564131,-0.8897356,0,
0.009764581,0.08445657,-0.1556934,1,
1643731016355
0.9999495,0.009332888,0.0037273,0,
0.006602775,-0.8897189,0.4564608,0,
0.007576415,-0.4564131,-0.8897356,0,
0.009764581,0.08445657,-0.1556934,1,
1643731016399
0.9999499,0.009307042,0.003714614,0,
0.006585605,-0.8897422,0.4564162,0,
0.007552859,-0.4563688,-0.8897589,0,
0.009780654,0.08446174,-0.1557221,1,
1643731016443
0.9999499,0.009307042,0.003714614,0,
0.006585605,-0.8897422,0.4564162,0,
0.007552859,-0.4563688,-0.8897589,0,
0.009780654,0.08446174,-0.1557221,1,
1643731016487
0.9999498,0.009304363,0.003725713,0,
0.006578447,-0.8897489,0.4564029,0,
0.007561483,-0.4563555,-0.8897655,0,
0.009774755,0.0844724,-0.1557239,1,
1643731016531
0.9999501,0.009289389,0.003712239,0,
0.006570788,-0.8897337,0.456433,0,
0.007542777,-0.4563858,-0.8897504,0,
0.009796364,0.0844797,-0.1557132,1,
1643731016575
0.9999502,0.009291403,0.003710473,0,
0.006573128,-0.8897267,0.4564469,0,
0.007542191,-0.4563996,-0.8897434,0,
0.009792456,0.08448826,-0.1557094,1,
1643731016597
0.9999502,0.009291403,0.003710473,0,
0.006573128,-0.8897267,0.4564469,0,
0.007542191,-0.4563996,-0.8897434,0,
0.009792456,0.08448826,-0.1557094,1,
1643731016663
0.9999499,0.00930687,0.00368241,0,
0.006600484,-0.8897399,0.45642,0,
0.00752431,-0.4563729,-0.8897567,0,
0.009774954,0.08449794,-0.1557183,1,
1643731016707
0.9999502,0.009285763,0.003688477,0,
0.006578114,-0.8897098,0.4564794,0,
0.00752038,-0.4564323,-0.8897265,0,
0.00977871,0.08449282,-0.1557314,1,
1643731016729
0.9999502,0.009285763,0.003688477,0,
0.006578114,-0.8897098,0.4564794,0,
0.00752038,-0.4564323,-0.8897265,0,
0.00977871,0.08449282,-0.1557314,1,
1643731016773
0.9999503,0.009288818,0.003685025,0,
0.006581789,-0.8896871,0.4565237,0,
0.007518919,-0.4564766,-0.8897041,0,
0.009780308,0.08448539,-0.1557322,1,
1643731016795
0.9999502,0.009292347,0.003668247,0,
0.006593533,-0.8897317,0.4564365,0,
0.007505049,-0.4563896,-0.8897486,0,
0.009776494,0.08449772,-0.1557513,1,
1643731016839
0.9999502,0.009292347,0.003668247,0,
0.006593533,-0.8897317,0.4564365,0,
0.007505049,-0.4563896,-0.8897486,0,
0.009776494,0.08449772,-0.1557513,1,
1643731016883
0.9999502,0.009287911,0.003684841,0,
0.006581185,-0.8896848,0.4565282,0,
0.007518455,-0.4564811,-0.8897017,0,
0.00978456,0.08449582,-0.1557276,1,
1643731016927
0.9999503,0.009292541,0.003667966,0,
0.006593404,-0.8897111,0.4564768,0,
0.007505161,-0.4564298,-0.8897281,0,
0.009755218,0.08451984,-0.1557361,1,
1643731016971
0.9999501,0.009300087,0.003639109,0,
0.006613486,-0.8897012,0.4564951,0,
0.007483202,-0.4564483,-0.8897185,0,
0.009784035,0.08451582,-0.1557471,1,
1643731017015
0.9999501,0.00930649,0.00361827,0,
0.006628834,-0.8897055,0.4564866,0,
0.007467556,-0.4564399,-0.8897228,0,
0.009796851,0.084524,-0.1557322,1,
1643731017059
0.99995,0.00931279,0.003614401,0,
0.006636595,-0.8897215,0.4564551,0,
0.007466805,-0.4564084,-0.8897387,0,
0.009809414,0.08452966,-0.1557569,1,
1643731017103
0.9999498,0.009338425,0.003595533,0,
0.006667104,-0.8896653,0.4565642,0,
0.007462537,-0.4565174,-0.8896829,0,
0.009819798,0.08452178,-0.1557567,1,
1643731017147
0.9999501,0.009323049,0.003597056,0,
0.006653035,-0.8897064,0.4564848,0,
0.007456132,-0.456438,-0.8897241,0,
0.009836483,0.08452766,-0.1557714,1,
1643731017191
0.9999505,0.009301342,0.003591143,0,
0.006635452,-0.8896622,0.4565715,0,
0.007441508,-0.4565249,-0.8896799,0,
0.009853677,0.0845296,-0.1557702,1,
1643731017235
0.9999503,0.009290338,0.003606284,0,
0.006619019,-0.8896589,0.4565777,0,
0.007450134,-0.4565312,-0.8896763,0,
0.009867598,0.08452129,-0.1558029,1,
1643731017279
0.9999503,0.009290338,0.003606284,0,
0.006619019,-0.8896589,0.4565777,0,
0.007450134,-0.4565312,-0.8896763,0,
0.009867598,0.08452129,-0.1558029,1,
1643731017323
0.9999505,0.009290576,0.003577348,0,
0.006633162,-0.8897023,0.4564931,0,
0.007423873,-0.4564468,-0.8897197,0,
0.009856163,0.0845349,-0.1558363,1,
1643731017367
0.9999504,0.009281464,0.003586074,0,
0.006620953,-0.8896734,0.456549,0,
0.007428045,-0.4565027,-0.8896906,0,
0.009861495,0.08450585,-0.1558225,1,
1643731017411
0.9999506,0.009260429,0.003591061,0,
0.006599996,-0.889688,0.4565212,0,
0.007422578,-0.456475,-0.8897051,0,
0.009881442,0.08449844,-0.1558367,1,
1643731017455
0.9999508,0.009251541,0.003587827,0,
0.006593714,-0.8896943,0.4565088,0,
0.007415578,-0.4564628,-0.8897114,0,
0.009882403,0.08446671,-0.1558543,1,
1643731017499
0.9999508,0.009251541,0.003587827,0,
0.006593714,-0.8896943,0.4565088,0,
0.007415578,-0.4564628,-0.8897114,0,
0.009882403,0.08446671,-0.1558543,1,
1643731017543
0.9999508,0.009261483,0.003588879,0,
0.006602427,-0.8897385,0.4564232,0,
0.007420265,-0.4563769,-0.8897558,0,
0.009864677,0.08445977,-0.1558627,1,
1643731017587
0.9999506,0.009261617,0.003603285,0,
0.006594758,-0.889667,0.4565626,0,
0.007434136,-0.4565163,-0.8896843,0,
0.009869752,0.08443683,-0.155873,1,
1643731017631
0.9999506,0.009261617,0.003603285,0,
0.006594758,-0.889667,0.4565626,0,
0.007434136,-0.4565163,-0.8896843,0,
0.009869752,0.08443683,-0.155873,1,
1643731017675
0.9999505,0.00925608,0.003575731,0,
0.006604873,-0.8897788,0.4563437,0,
0.007405743,-0.4562977,-0.8897959,0,
0.009877747,0.08443054,-0.1558686,1,
1643731017719
0.9999508,0.009270832,0.003571119,0,
0.00661928,-0.8897688,0.4563637,0,
0.00740825,-0.4563175,-0.8897865,0,
0.00985587,0.08437917,-0.1558537,1,
1643731017785
0.9999507,0.009272287,0.003574494,0,
0.006618438,-0.889724,0.456451,0,
0.007412622,-0.4564048,-0.8897415,0,
0.009862101,0.08437153,-0.1558698,1,
1643731017785
0.9999506,0.009281872,0.003571657,0,
0.006628808,-0.8897529,0.4563945,0,
0.007414089,-0.4563482,-0.8897704,0,
0.009858336,0.08435357,-0.155865,1,
1643731017829
0.9999506,0.00927821,0.003572533,0,
0.006625339,-0.8897656,0.4563698,0,
0.007413004,-0.4563236,-0.8897831,0,
0.0098527,0.08434934,-0.1558704,1,
1643731017917
0.9999505,0.00928751,0.003551396,0,
0.006643282,-0.8897488,0.4564018,0,
0.007398797,-0.4563557,-0.8897664,0,
0.009855921,0.08432503,-0.1558741,1,
1643731017961
0.9999506,0.009282611,0.00355036,0,
0.006639451,-0.8897692,0.4563627,0,
0.007395233,-0.4563166,-0.8897868,0,
0.009870674,0.08431554,-0.1558688,1,
1643731018005
0.9999506,0.009282611,0.00355036,0,
0.006639451,-0.8897692,0.4563627,0,
0.007395233,-0.4563166,-0.8897868,0,
0.009870674,0.08431554,-0.1558688,1,
1643731018093
0.9999509,0.009269962,0.003539521,0,
0.006632639,-0.8897614,0.4563784,0,
0.007379787,-0.4563324,-0.8897793,0,
0.009884326,0.08430199,-0.1558821,1,
1643731018093
0.9999509,0.009269962,0.003539521,0,
0.006632639,-0.8897614,0.4563784,0,
0.007379787,-0.4563324,-0.8897793,0,
0.009884326,0.08430199,-0.1558821,1,
1643731018137
0.9999507,0.009273667,0.003548186,0,
0.006632334,-0.8897569,0.4563865,0,
0.007389415,-0.4563405,-0.8897746,0,
0.009883232,0.08429155,-0.155886,1,
1643731018181
0.9999509,0.009260412,0.003533002,0,
0.006627066,-0.8897347,0.4564298,0,
0.007370155,-0.456384,-0.8897524,0,
0.009895731,0.08429188,-0.1558731,1,
1643731018225
0.9999509,0.009260412,0.003533002,0,
0.006627066,-0.8897347,0.4564298,0,
0.007370155,-0.456384,-0.8897524,0,
0.009895731,0.08429188,-0.1558731,1,
1643731018269
0.9999508,0.009276541,0.003534542,0,
0.006640779,-0.889748,0.4564042,0,
0.007378636,-0.4563582,-0.8897657,0,
0.009889746,0.08428455,-0.1558721,1,
1643731018313
0.9999509,0.009276401,0.003536606,0,
0.006639672,-0.8897493,0.4564016,0,
0.007380354,-0.4563556,-0.8897672,0,
0.009888363,0.08426578,-0.1558737,1,
1643731018357
0.9999511,0.009260019,0.003530871,0,
0.006627524,-0.8897434,0.4564135,0,
0.007367843,-0.4563677,-0.8897612,0,
0.009879449,0.08425576,-0.1558573,1,
1643731018401
0.9999511,0.009260019,0.003530871,0,
0.006627524,-0.8897434,0.4564135,0,
0.007367843,-0.4563677,-0.8897612,0,
0.009879449,0.08425576,-0.1558573,1,
1643731018445
0.999951,0.009268075,0.003548585,0,
0.006626997,-0.8897727,0.4563564,0,
0.007386824,-0.4563104,-0.8897905,0,
0.009883543,0.08426455,-0.1558397,1,
1643731018489
0.9999506,0.009252261,0.003559383,0,
0.006608816,-0.8897685,0.4563636,0,
0.007389615,-0.4563177,-0.8897857,0,
0.009885938,0.0842496,-0.155822,1,
1643731018533
0.9999506,0.009252261,0.003559383,0,
0.006608816,-0.8897685,0.4563636,0,
0.007389615,-0.4563177,-0.8897857,0,
0.009885938,0.0842496,-0.155822,1,
1643731018577
0.9999509,0.009239299,0.00355373,0,
0.006599249,-0.8897447,0.4564104,0,
0.007378939,-0.4563647,-0.889762,0,
0.009896494,0.08425552,-0.1558374,1,
1643731018621
0.9999506,0.009257045,0.00358111,0,
0.006602913,-0.8897723,0.4563567,0,
0.007410963,-0.4563107,-0.8897895,0,
0.009896147,0.08427809,-0.1558144,1,
1643731018665
0.9999505,0.009261642,0.003606226,0,
0.006595777,-0.8897876,0.4563271,0,
0.007435185,-0.4562808,-0.8898046,0,
0.009889401,0.08428793,-0.1557951,1,
1643731018709
0.9999506,0.009251187,0.003618687,0,
0.006580638,-0.8897755,0.4563508,0,
0.007441695,-0.4563045,-0.8897924,0,
0.009890595,0.08429082,-0.1557721,1,
1643731018753
0.9999508,0.009252524,0.003629109,0,
0.006576022,-0.8897492,0.4564029,0,
0.007451715,-0.4563563,-0.8897664,0,
0.009876526,0.08431001,-0.1557661,1,
1643731018797
0.9999508,0.009252524,0.003629109,0,
0.006576022,-0.8897492,0.4564029,0,
0.007451715,-0.4563563,-0.8897664,0,
0.009876526,0.08431001,-0.1557661,1,
1643731018841
0.9999508,0.009259757,0.003641864,0,
0.006576592,-0.889754,0.4563938,0,
0.007466255,-0.4563472,-0.8897711,0,
0.009864532,0.08432235,-0.1557646,1,
1643731018885
0.9999508,0.009259757,0.003641864,0,
0.006576592,-0.889754,0.4563938,0,
0.007466255,-0.4563472,-0.8897711,0,
0.009864532,0.08432235,-0.1557646,1,
1643731018929
0.9999503,0.009255841,0.003630724,0,
0.00657934,-0.8897659,0.4563693,0,
0.007454768,-0.456323,-0.8897825,0,
0.009849907,0.08432914,-0.1557538,1,
1643731018973
0.9999506,0.009257033,0.003604081,0,
0.006592076,-0.8897551,0.4563904,0,
0.007431628,-0.4563442,-0.8897722,0,
0.009827113,0.0843534,-0.1557672,1,
1643731019017
0.9999506,0.009257033,0.003604081,0,
0.006592076,-0.8897551,0.4563904,0,
0.007431628,-0.4563442,-0.8897722,0,
0.009827113,0.0843534,-0.1557672,1,
1643731019061
0.9999508,0.009253064,0.00362331,0,
0.006579306,-0.8897463,0.4564084,0,
0.007446931,-0.456362,-0.8897633,0,
0.009824848,0.0843678,-0.1557827,1,
1643731019105
0.9999509,0.009242328,0.00358136,0,
0.006588977,-0.8897373,0.4564254,0,
0.007404923,-0.4563794,-0.8897545,0,
0.009835902,0.0843621,-0.155794,1,
1643731019149
0.9999509,0.009242328,0.00358136,0,
0.006588977,-0.8897373,0.4564254,0,
0.007404923,-0.4563794,-0.8897545,0,
0.009835902,0.0843621,-0.155794,1,
1643731019193
0.9999511,0.009235267,0.003577353,0,
0.006584186,-0.8897236,0.4564523,0,
0.007398282,-0.4564063,-0.8897408,0,
0.009837385,0.08437841,-0.1558086,1,
1643731019237
0.9999508,0.009241695,0.003592482,0,
0.006583666,-0.8897557,0.4563895,0,
0.007414268,-0.4563434,-0.8897728,0,
0.009833218,0.08438481,-0.1558084,1,
1643731019281
0.9999511,0.009253491,0.003597401,0,
0.006590901,-0.8897315,0.4564375,0,
0.007424131,-0.4563912,-0.8897489,0,
0.009821077,0.08436866,-0.1558186,1,
1643731019325
0.9999508,0.00924501,0.003592066,0,
0.006586881,-0.8897517,0.4563972,0,
0.007415528,-0.4563511,-0.8897687,0,
0.009838178,0.08437512,-0.1558039,1,
1643731019369
0.9999508,0.009250117,0.003613604,0,
0.006581206,-0.8897545,0.4563922,0,
0.007436802,-0.4563459,-0.8897717,0,
0.009829853,0.08438694,-0.1557946,1,
1643731019413
0.9999508,0.009250117,0.003613604,0,
0.006581206,-0.8897545,0.4563922,0,
0.007436802,-0.4563459,-0.8897717,0,
0.009829853,0.08438694,-0.1557946,1,
1643731019457
0.9999508,0.009245953,0.003617026,0,
0.006576009,-0.889742,0.4564166,0,
0.007438237,-0.4563703,-0.8897588,0,
0.009828776,0.08438995,-0.1557969,1,
1643731019501
0.9999508,0.009226438,0.003616072,0,
0.006559206,-0.8897397,0.456421,0,
0.00742859,-0.4563749,-0.8897564,0,
0.009828508,0.08439001,-0.1557694,1,
1643731019545
0.9999508,0.009226438,0.003616072,0,
0.006559206,-0.8897397,0.456421,0,
0.00742859,-0.4563749,-0.8897564,0,
0.009828508,0.08439001,-0.1557694,1,
1643731019589
0.999951,0.00922953,0.00362034,0,
0.006559636,-0.889743,0.4564149,0,
0.007433571,-0.4563686,-0.88976,0,
0.009847072,0.08438568,-0.1557684,1,
1643731019633
0.9999507,0.009239828,0.003618378,0,
0.00657,-0.8897429,0.4564148,0,
0.007436663,-0.4563685,-0.8897598,0,
0.009849366,0.08436909,-0.1557806,1,
1643731019677
0.9999509,0.009229144,0.003607597,0,
0.006565558,-0.889755,0.4563912,0,
0.007421989,-0.4563451,-0.8897719,0,
0.009844934,0.08434696,-0.155773,1,
1643731019721
0.9999509,0.009214491,0.003624927,0,
0.006544499,-0.8897447,0.4564114,0,
0.007430901,-0.4563654,-0.8897613,0,
0.009850042,0.08435357,-0.1557574,1,
1643731019765
0.9999509,0.009203145,0.003631787,0,
0.006531524,-0.8897449,0.4564111,0,
0.00743193,-0.4563651,-0.8897612,0,
0.009850225,0.08435451,-0.1557734,1,
1643731019809
0.9999511,0.009191703,0.003614182,0,
0.006529458,-0.8897557,0.4563902,0,
0.007410837,-0.4563444,-0.8897721,0,
0.009869631,0.08435151,-0.1557817,1,
1643731019831
0.9999511,0.009191703,0.003614182,0,
0.006529458,-0.8897557,0.4563902,0,
