1643731008393
0.03514025,-0.981582,0.1877814,0,
-0.9993106,-0.03225896,0.01837899,0,
-0.01198285,-0.1882978,-0.982039,0,
-0.04975071,0.1055274,-0.1470302,1,
1643731008459
0.03513902,-0.9815859,0.1877611,0,
-0.9993101,-0.03225315,0.01840298,0,
-0.0120082,-0.1882783,-0.9820422,0,
-0.04974528,0.1055384,-0.1470292,1,
1643731008525
0.03515396,-0.9815851,0.1877625,0,
-0.9993097,-0.03226909,0.0183995,0,
-0.01200173,-0.1882798,-0.9820421,0,
-0.04974394,0.1055461,-0.1470344,1,
1643731008591
0.03513836,-0.9815783,0.1878012,0,
-0.9993104,-0.03225376,0.01839459,0,
-0.01199845,-0.188318,-0.9820349,0,
-0.04973014,0.1055454,-0.1470373,1,
1643731008657
0.03513291,-0.9815837,0.1877743,0,
-0.9993105,-0.03224729,0.01840119,0,
-0.01200708,-0.1882914,-0.9820399,0,
-0.04973314,0.1055313,-0.1470353,1,
1643731008723
0.03514902,-0.981591,0.1877328,0,
-0.99931,-0.03226491,0.01839732,0,
-0.01200146,-0.1882499,-0.9820479,0,
-0.04973932,0.1055431,-0.1470175,1,
1643731008789
0.0351512,-0.9815871,0.187753,0,
-0.9993098,-0.03226535,0.01840513,0,
-0.01200832,-0.1882704,-0.9820438,0,
-0.04973626,0.1055478,-0.1470202,1,
1643731008855
0.03515589,-0.9815772,0.1878037,0,
-0.9993095,-0.03226871,0.01840942,0,
-0.01201008,-0.1883212,-0.9820341,0,
-0.04973613,0.1055622,-0.1470114,1,
1643731008921
0.03516061,-0.981586,0.1877573,0,
-0.9993095,-0.032274,0.01841116,0,
-0.01201248,-0.188275,-0.9820431,0,
-0.04972389,0.1055706,-0.1470157,1,
1643731008987
0.03516671,-0.9815914,0.1877271,0,
-0.9993094,-0.03228398,0.01839191,0,
-0.01199276,-0.1882443,-0.982049,0,
-0.04974765,0.1055785,-0.1470328,1,
1643731009053
0.03516184,-0.9815867,0.1877523,0,
-0.9993095,-0.03227778,0.01839548,0,
-0.01199649,-0.1882695,-0.9820439,0,
-0.04975294,0.1055797,-0.1470403,1,
1643731009119
0.03517988,-0.9815804,0.1877829,0,
-0.9993092,-0.03229783,0.01838729,0,
-0.01198365,-0.1883,-0.9820387,0,
-0.04974893,0.105581,-0.1470562,1,
1643731009185
0.03519531,-0.9815799,0.1877815,0,
-0.9993084,-0.03231274,0.01838875,0,
-0.01198226,-0.1882989,-0.9820384,0,
-0.04976334,0.1055848,-0.1470428,1,
1643731009251
0.03516475,-0.9815831,0.1877716,0,
-0.9993098,-0.03228601,0.01836879,0,
-0.01196811,-0.1882879,-0.9820411,0,
-0.04974688,0.1055842,-0.1470365,1,
1643731009317
0.03517101,-0.9815862,0.1877528,0,
-0.9993096,-0.03229494,0.01835406,0,
-0.01195259,-0.1882687,-0.9820445,0,
-0.0497547,0.1055925,-0.1470094,1,
1643731009383
0.03517194,-0.9815998,0.1876823,0,
-0.9993097,-0.03229763,0.01835083,0,
-0.01195147,-0.1881981,-0.9820582,0,
-0.0497618,0.1055887,-0.1469915,1,
1643731009449
0.0351782,-0.981605,0.1876532,0,
-0.9993097,-0.03230895,0.01832564,0,
-0.01192562,-0.1881683,-0.982064,0,
-0.04976615,0.1055868,-0.1469803,1,
1643731009515
0.0351853,-0.9816033,0.1876618,0,
-0.9993098,-0.03231878,0.01831388,0,
-0.01191197,-0.1881766,-0.9820631,0,
-0.04976286,0.1055719,-0.1469619,1,
1643731009581
0.03521616,-0.9815975,0.1876869,0,
-0.999309,-0.03235104,0.01830916,0,
-0.01190037,-0.188202,-0.9820586,0,
-0.04976401,0.1055743,-0.1469338,1,
1643731009647
0.03525009,-0.981595,0.1876929,0,
-0.9993073,-0.03237934,0.01833908,0,
-0.01192416,-0.1882093,-0.9820564,0,
-0.04979362,0.1055529,-0.1469323,1,
1643731009713
0.03527257,-0.9815885,0.1877221,0,
-0.9993065,-0.03240222,0.01833582,0,
-0.01191558,-0.1882388,-0.9820507,0,
-0.04983188,0.1055466,-0.1469135,1,
1643731009779
0.03525322,-0.9815834,0.1877527,0,
-0.999307,-0.03238004,0.01834759,0,
-0.01193023,-0.1882694,-0.9820448,0,
-0.04983006,0.1055471,-0.1469048,1,
1643731009845
0.03522789,-0.9815922,0.1877124,0,
-0.9993082,-0.0323572,0.01833717,0,
-0.01192579,-0.1882285,-0.9820531,0,
-0.04982521,0.1055522,-0.1469329,1,
1643731009911
0.0352238,-0.9816011,0.1876661,0,
-0.9993082,-0.03235276,0.01834024,0,
-0.01193128,-0.1881822,-0.9820616,0,
-0.04982506,0.105558,-0.1469419,1,
1643731009977
0.03521502,-0.9815942,0.1877044,0,
-0.9993086,-0.03234396,0.0183387,0,
-0.01193008,-0.1882204,-0.9820547,0,
-0.04982463,0.1055585,-0.1469567,1,
1643731010109
0.03521099,-0.9815816,0.187769,0,
-0.999308,-0.03233305,0.01836589,0,
-0.01195643,-0.1882858,-0.982041,0,
-0.04984409,0.1055591,-0.1469519,1,
1643731010175
0.03520621,-0.9815814,0.1877732,0,
-0.9993085,-0.03232651,0.01837921,0,
-0.01197067,-0.1882904,-0.9820409,0,
-0.04982854,0.1055744,-0.1469488,1,
1643731010243
0.03519433,-0.981592,0.1877182,0,
-0.9993085,-0.03231341,0.01838442,0,
-0.01198016,-0.1882354,-0.9820506,0,
-0.04980942,0.1055712,-0.1469756,1,
1643731010307
0.03519258,-0.9816014,0.1876708,0,
-0.9993086,-0.03230925,0.01840272,0,
-0.01200065,-0.1881887,-0.9820598,0,
-0.04981697,0.1055802,-0.1469802,1,
1643731010373
0.0351975,-0.9815906,0.1877273,0,
-0.9993086,-0.03231542,0.01839434,0,
-0.01198927,-0.1882449,-0.9820495,0,
-0.04981183,0.1055459,-0.1470003,1,
1643731010439
0.03517667,-0.9815781,0.1877948,0,
-0.9993091,-0.03229371,0.01838911,0,
-0.01198574,-0.1883119,-0.982036,0,
-0.0497813,0.105526,-0.1470061,1,
1643731010505
0.03519088,-0.98158,0.187782,0,
-0.9993086,-0.0323093,0.01838309,0,
-0.01197734,-0.1882991,-0.9820384,0,
-0.0497698,0.1055276,-0.1470161,1,
1643731010571
0.0352294,-0.9815908,0.1877187,0,
-0.9993076,-0.03235206,0.01837032,0,
-0.01195906,-0.1882359,-0.982051,0,
-0.04978928,0.1055497,-0.1470024,1,
1643731010703
0.03518312,-0.9815808,0.1877802,0,
-0.9993094,-0.03230716,0.01835547,0,
-0.01195074,-0.1882963,-0.9820397,0,
-0.04979894,0.1055337,-0.1469953,1,
1643731010967
0.03517586,-0.9815823,0.187773,0,
-0.9993097,-0.0323019,0.01834335,0,
-0.01194008,-0.1882886,-0.982041,0,
-0.04978734,0.1055096,-0.1469556,1,
1643731011033
0.03516097,-0.9815876,0.1877478,0,
-0.9993102,-0.03228734,0.01834199,0,
-0.01194239,-0.1882632,-0.9820459,0,
-0.04978294,0.1055024,-0.146944,1,
1643731011099
0.03515533,-0.9815736,0.1878227,0,
-0.9993106,-0.03228262,0.01833286,0,
-0.01193164,-0.1883377,-0.9820319,0,
-0.04979796,0.1054575,-0.146975,1,
1643731011165
0.03515295,-0.9815677,0.1878539,0,
-0.9993107,-0.03227905,0.01833733,0,
-0.0119356,-0.1883691,-0.9820259,0,
-0.04978568,0.1054448,-0.1469669,1,
1643731011231
0.03514144,-0.9815942,0.1877172,0,
-0.9993114,-0.03227587,0.0183004,0,
-0.01190483,-0.1882311,-0.9820526,0,
-0.04979727,0.105453,-0.1469767,1,
1643731011363
0.03509893,-0.9815882,0.1877571,0,
-0.9993132,-0.03223732,0.01827427,0,
-0.01188504,-0.1882696,-0.9820456,0,
-0.04979882,0.1054434,-0.1469743,1,
1643731011429
0.03509258,-0.9816012,0.1876899,0,
-0.9993134,-0.03223406,0.01826108,0,
-0.01187509,-0.1882019,-0.9820585,0,
-0.04979841,0.1054546,-0.1469622,1,
1643731011693
0.03505477,-0.9816015,0.1876951,0,
-0.9993144,-0.03219158,0.01828094,0,
-0.01190239,-0.1882072,-0.9820571,0,
-0.04980204,0.105493,-0.1469905,1,
1643731011825
0.03500756,-0.9815964,0.1877311,0,
-0.9993157,-0.03213891,0.01830343,0,
-0.01193309,-0.1882434,-0.9820499,0,
-0.04970576,0.105516,-0.1469498,1,
1643731011891
0.03501597,-0.9816034,0.1876923,0,
-0.999315,-0.03214295,0.01832911,0,
-0.01195893,-0.1882055,-0.9820568,0,
-0.04969018,0.1055005,-0.1469621,1,
1643731011957
0.03500925,-0.9816042,0.1876902,0,
-0.999315,-0.03213155,0.01835334,0,
-0.01198493,-0.1882042,-0.9820568,0,
-0.0496522,0.1055086,-0.1469655,1,
1643731012023
0.03501054,-0.9815997,0.1877136,0,
-0.9993153,-0.03213546,0.01833942,0,
-0.01196971,-0.1882272,-0.9820528,0,
-0.04962043,0.1055016,-0.1469482,1,
1643731012089
0.03499224,-0.981612,0.1876534,0,
-0.9993159,-0.0321159,0.01834982,0,
-0.01198578,-0.1881671,-0.9820644,0,
-0.04953694,0.1055219,-0.1469212,1,
1643731012155
0.03498467,-0.9816083,0.187673,0,
-0.9993161,-0.0321097,0.01833896,0,
-0.01197558,-0.1881862,-0.9820606,0,
-0.04950932,0.1055507,-0.1468899,1,
1643731012221
0.0349985,-0.9815935,0.1877464,0,
-0.9993147,-0.03211228,0.01839058,0,
-0.01202307,-0.1882614,-0.9820449,0,
-0.04947342,0.1055664,-0.1468715,1,
1643731012287
0.03503501,-0.981595,0.1877332,0,
-0.9993138,-0.03214974,0.01839287,0,
-0.01201878,-0.1882487,-0.9820479,0,
-0.04948417,0.1056013,-0.146862,1,
1643731012353
0.03506733,-0.981616,0.1876166,0,
-0.9993125,-0.03218374,0.01839279,0,
-0.01201642,-0.1881327,-0.9820698,0,
-0.04946023,0.1056193,-0.14687,1,
1643731012419
0.03511399,-0.9816092,0.1876447,0,
-0.9993114,-0.03223429,0.01837818,0,
-0.01199162,-0.1881608,-0.9820653,0,
-0.04953466,0.1056163,-0.1469106,1,
1643731012485
0.03513828,-0.9815799,0.1877931,0,
-0.9993106,-0.03225671,0.01837974,0,
-0.01198361,-0.1883095,-0.9820368,0,
-0.04959056,0.1056195,-0.1469305,1,
1643731012551
0.03513841,-0.9815828,0.1877776,0,
-0.9993102,-0.03225192,0.0184053,0,
-0.01201013,-0.1882948,-0.982039,0,
-0.04962017,0.1055986,-0.1469702,1,
1643731012617
0.03516187,-0.9816062,0.1876503,0,
-0.9993098,-0.03228434,0.01836854,0,
-0.01197249,-0.1881667,-0.9820639,0,
-0.04968163,0.1056098,-0.1469792,1,
1643731012683
0.03516828,-0.981592,0.1877241,0,
-0.9993098,-0.03229165,0.0183609,0,
-0.01196099,-0.1882402,-0.9820502,0,
-0.04969595,0.1055959,-0.147026,1,
1643731012749
0.03519071,-0.9815934,0.1877137,0,
-0.999309,-0.03231249,0.01837334,0,
-0.01196967,-0.1882305,-0.9820523,0,
-0.04974138,0.1055816,-0.1470438,1,
1643731012815
0.03516962,-0.9815953,0.1877058,0,
-0.9993094,-0.03228912,0.01838109,0,
-0.01198191,-0.1882227,-0.9820531,0,
-0.04973053,0.1055585,-0.1470507,1,
1643731012881
0.03520148,-0.9815911,0.1877235,0,
-0.9993085,-0.03232075,0.01838711,0,
-0.0119813,-0.1882409,-0.9820502,0,
-0.04980335,0.1055299,-0.1470463,1,
1643731012947
0.03518894,-0.9815851,0.1877563,0,
-0.999309,-0.03231075,0.01836847,0,
-0.01196367,-0.1882729,-0.9820439,0,
-0.04981194,0.1055318,-0.147055,1,
1643731013013
0.03522872,-0.9816048,0.1876459,0,
-0.9993076,-0.03235171,0.01837351,0,
-0.01196486,-0.1881633,-0.9820649,0,
-0.0498367,0.1055458,-0.1470408,1,
1643731013079
0.03521966,-0.9815896,0.1877276,0,
-0.999308,-0.03234071,0.01837878,0,
-0.0119692,-0.1882449,-0.9820495,0,
-0.04983144,0.1055385,-0.1470485,1,
1643731013145
0.03520599,-0.9815846,0.1877564,0,
-0.9993083,-0.03232393,0.01839176,0,
-0.01198406,-0.1882741,-0.9820437,0,
-0.04984176,0.1055361,-0.1470484,1,
1643731013211
0.03521299,-0.9816,0.1876743,0,
-0.9993082,-0.03233509,0.01837558,0,
-0.01196901,-0.1881915,-0.9820596,0,
-0.04985537,0.1055399,-0.1470506,1,
1643731013277
0.03522757,-0.981593,0.1877078,0,
-0.9993079,-0.03235335,0.01835496,0,
-0.01194413,-0.1882245,-0.9820535,0,
-0.04988305,0.1055405,-0.1470458,1,
1643731013343
0.03521651,-0.9815792,0.1877819,0,
-0.9993082,-0.03234052,0.01835821,0,
-0.01194707,-0.1882986,-0.9820392,0,
-0.04988847,0.1055482,-0.1470452,1,
1643731013409
0.03522804,-0.9815921,0.1877128,0,
-0.9993079,-0.03235246,0.01836215,0,
-0.01195117,-0.1882297,-0.9820524,0,
-0.04989358,0.1055385,-0.1470221,1,
1643731013475
0.03522737,-0.9815813,0.1877702,0,
-0.9993081,-0.0323529,0.01835432,0,
-0.01194139,-0.1882869,-0.982042,0,
-0.04988483,0.1055522,-0.1470202,1,
1643731013541
0.03521357,-0.9815846,0.1877527,0,
-0.9993083,-0.03234167,0.01833505,0,
-0.01192511,-0.1882685,-0.9820446,0,
-0.04990073,0.1055548,-0.1470028,1,
1643731013607
0.03519851,-0.9816103,0.1876219,0,
-0.9993091,-0.03233125,0.01831874,0,
-0.01191575,-0.1881371,-0.98207,0,
-0.04989287,0.1055679,-0.1469827,1,
1643731013673
0.03518565,-0.9816014,0.1876732,0,
-0.9993098,-0.03231664,0.01832841,0,
-0.01192627,-0.1881885,-0.982061,0,
-0.04988267,0.1055524,-0.1469919,1,
1643731013739
0.035172,-0.9815795,0.1877886,0,
-0.9993098,-0.0322964,0.01835094,0,
-0.011948,-0.1883045,-0.982038,0,
-0.04985489,0.1055485,-0.1469875,1,
1643731013805
0.03516752,-0.9815905,0.1877313,0,
-0.9993098,-0.03229253,0.01834983,0,
-0.01194967,-0.1882471,-0.9820487,0,
-0.04985745,0.1055502,-0.1469815,1,
1643731013871
0.03513774,-0.9815915,0.1877321,0,
-0.999311,-0.03226438,0.0183394,0,
-0.01194471,-0.1882471,-0.9820489,0,
-0.04984447,0.1055425,-0.1469848,1,
1643731013937
0.03514567,-0.9815916,0.1877307,0,
-0.9993107,-0.03227093,0.01834859,0,
-0.01195258,-0.1882462,-0.9820492,0,
-0.04983265,0.1055399,-0.1469814,1,
1643731014003
0.03515408,-0.9815902,0.1877361,0,
-0.9993103,-0.03227743,0.0183585,0,
-0.01196088,-0.188252,-0.9820479,0,
-0.04980621,0.1055316,-0.1469903,1,
1643731014069
0.03515267,-0.9815927,0.1877232,0,
-0.9993097,-0.0322671,0.0184053,0,
-0.01200921,-0.1882406,-0.9820494,0,
-0.04979979,0.1055268,-0.1469803,1,
1643731014135
0.03512884,-0.9815781,0.1878036,0,
-0.9993105,-0.03224266,0.01840032,0,
-0.01200605,-0.1883205,-0.982034,0,
-0.04977427,0.1055103,-0.1469921,1,
1643731014201
0.03512349,-0.981573,0.1878327,0,
-0.999311,-0.03223783,0.01839897,0,
-0.01200466,-0.1883495,-0.9820291,0,
-0.04976567,0.1055108,-0.146998,1,
1643731014267
0.03511757,-0.9815968,0.1877089,0,
-0.9993113,-0.03223782,0.01837384,0,
-0.01198438,-0.1882249,-0.982053,0,
-0.04974248,0.1055085,-0.1470122,1,
1643731014334
0.03511195,-0.9815978,0.1877054,0,
-0.999312,-0.03223837,0.01834251,0,
-0.01195368,-0.1882203,-0.9820545,0,
-0.04972006,0.1055046,-0.1470206,1,
1643731014399
0.03513268,-0.9815765,0.187813,0,
-0.9993112,-0.03225568,0.01835636,0,
-0.01196019,-0.1883285,-0.9820338,0,
-0.04971828,0.1054993,-0.1470259,1,
1643731014465
0.0351616,-0.981594,0.1877149,0,
-0.99931,-0.03228504,0.01835963,0,
-0.0119613,-0.1882309,-0.9820518,0,
-0.0497219,0.1055087,-0.1470098,1,
1643731014531
0.03520019,-0.9816027,0.1876621,0,
-0.9993088,-0.03232535,0.01835852,0,
-0.01195453,-0.1881786,-0.9820621,0,
-0.04977418,0.1055093,-0.1470124,1,
1643731014597
0.03518858,-0.9815741,0.1878147,0,
-0.9993096,-0.03231636,0.0183349,0,
-0.01192759,-0.1883302,-0.9820336,0,
-0.04979842,0.1055223,-0.1470218,1,
1643731014663
0.03519068,-0.9815848,0.1877573,0,
-0.9993097,-0.03232283,0.01831533,0,
-0.01190921,-0.1882722,-0.9820448,0,
-0.04981747,0.1055288,-0.1470071,1,
1643731014729
0.03518879,-0.981591,0.1877264,0,
-0.99931,-0.03232329,0.01830692,0,
-0.01190201,-0.1882411,-0.9820513,0,
-0.04980388,0.1055267,-0.1470005,1,
1643731014795
0.03519404,-0.9815764,0.1878005,0,
-0.9993097,-0.032328,0.01830202,0,
-0.01189359,-0.188315,-0.9820365,0,
-0.04983877,0.1055393,-0.1470103,1,
1643731014861
0.03519234,-0.9815952,0.1877027,0,
-0.9993101,-0.03233445,0.01826661,0,
-0.01186115,-0.188216,-0.982056,0,
-0.04986396,0.1055376,-0.1470127,1,
1643731014927
0.03518664,-0.9816066,0.1876434,0,
-0.9993102,-0.03232905,0.0182671,0,
-0.01186475,-0.1881567,-0.9820671,0,
-0.04990083,0.1055399,-0.1470236,1,
1643731014993
0.03519473,-0.9815894,0.1877326,0,
-0.9993098,-0.03233206,0.0182896,0,
-0.01188309,-0.1882468,-0.9820499,0,
-0.04991081,0.1055196,-0.1470434,1,
1643731015059
0.03520042,-0.9815972,0.1876913,0,
-0.9993099,-0.03234108,0.01827689,0,
-0.01187041,-0.1882051,-0.9820582,0,
-0.04992114,0.1055056,-0.1470224,1,
1643731015125
0.03519702,-0.9815972,0.1876911,0,
-0.9993096,-0.03233436,0.01829208,0,
-0.01188658,-0.1882054,-0.9820577,0,
-0.04990917,0.1054968,-0.1470202,1,
1643731015191
0.03520677,-0.9815921,0.187717,0,
-0.9993092,-0.03234076,0.0183106,0,
-0.01190265,-0.188232,-0.9820527,0,
-0.04991658,0.1054967,-0.1470172,1,
1643731015257
0.03518398,-0.9815931,0.1877143,0,
-0.9993099,-0.03232045,0.01829216,0,
-0.0118884,-0.1882284,-0.9820529,0,
-0.04990668,0.1055033,-0.1470019,1,
1643731015323
0.03516893,-0.9816045,0.1876586,0,
-0.9993106,-0.03230618,0.01829327,0,
-0.01189424,-0.1881726,-0.9820641,0,
-0.04989402,0.1055065,-0.1470033,1,
1643731015389
0.03519119,-0.9815963,0.1876967,0,
-0.9993094,-0.03232297,0.01832009,0,
-0.01191601,-0.1882118,-0.9820561,0,
-0.04988709,0.1055121,-0.1469962,1,
1643731015455
0.03518758,-0.9815833,0.1877646,0,
-0.9993098,-0.03232343,0.01829227,0,
-0.01188616,-0.1882788,-0.9820433,0,
-0.04987764,0.1055296,-0.1470013,1,
1643731015522
0.03519128,-0.9815938,0.187711,0,
-0.99931,-0.03232807,0.01829521,0,
-0.01189015,-0.1882253,-0.9820542,0,
-0.04988361,0.1055428,-0.1470091,1,
1643731015587
0.03519509,-0.9815918,0.1877199,0,
-0.9993098,-0.03233342,0.01828418,0,
-0.01187796,-0.1882339,-0.9820522,0,
-0.04987158,0.1055365,-0.1469918,1,
1643731015653
0.03520265,-0.9815853,0.1877522,0,
-0.9993093,-0.03233714,0.01830298,0,
-0.01189454,-0.1882669,-0.9820457,0,
-0.04987457,0.1055472,-0.1469915,1,
1643731015719
0.03519386,-0.981595,0.1877037,0,
-0.99931,-0.03233323,0.01828199,0,
-0.01187647,-0.1882176,-0.9820558,0,
-0.04988142,0.1055756,-0.1469673,1,
1643731015785
0.03520958,-0.9815837,0.1877593,0,
-0.9993092,-0.03234702,0.01828783,0,
-0.01187756,-0.1882735,-0.9820446,0,
-0.04989339,0.1055827,-0.1469898,1,
1643731015851
0.0352223,-0.9815841,0.1877553,0,
-0.9993093,-0.03236558,0.01826047,0,
-0.0118474,-0.1882688,-0.9820462,0,
-0.04990057,0.1055637,-0.1469988,1,
1643731015917
0.03521304,-0.9815847,0.1877551,0,
-0.99931,-0.03235934,0.01824597,0,
-0.01183437,-0.188268,-0.9820469,0,
-0.04989808,0.1055822,-0.1470021,1,
1643731015983
0.03521742,-0.9815826,0.187764,0,
-0.9993097,-0.03236623,0.01822981,0,
-0.01181685,-0.1882765,-0.9820449,0,
-0.04988381,0.1055801,-0.1469847,1,
1643731016049
0.03519683,-0.9815851,0.1877548,0,
-0.9993106,-0.0323476,0.01821844,0,
-0.01180954,-0.1882666,-0.982047,0,
-0.04986713,0.1055949,-0.1469736,1,
1643731016116
0.03520625,-0.9815874,0.1877406,0,
-0.9993103,-0.03235797,0.01821446,0,
-0.01180416,-0.1882524,-0.9820496,0,
-0.04988813,0.1056236,-0.1469967,1,
1643731016181
0.03521189,-0.9815798,0.1877798,0,
-0.9993105,-0.03236901,0.01818574,0,
-0.01177252,-0.1882907,-0.9820429,0,
-0.04988865,0.1056129,-0.1469823,1,
1643731016249
0.03524655,-0.9815808,0.1877688,0,
-0.9993095,-0.03240569,0.01817981,0,
-0.01176019,-0.18828,-0.9820452,0,
-0.04991909,0.1056338,-0.1469707,1,
1643731016313
0.03524097,-0.9815856,0.187744,0,
-0.9993094,-0.03239704,0.01819573,0,
-0.01177831,-0.1882556,-0.9820495,0,
-0.04992097,0.1056397,-0.1469704,1,
1643731016379
0.03524335,-0.981597,0.1876833,0,
-0.9993086,-0.03239047,0.01824506,0,
-0.01183012,-0.1881966,-0.9820598,0,
-0.04992205,0.1056443,-0.1469348,1,
1643731016445
0.03522428,-0.9815935,0.1877055,0,
-0.9993094,-0.03237349,0.01823212,0,
-0.01181985,-0.1882181,-0.9820561,0,
-0.04990856,0.1056548,-0.1469583,1,
1643731016511
0.0352067,-0.9815772,0.1877947,0,
-0.99931,-0.03235217,0.01824522,0,
-0.01183354,-0.1883074,-0.982039,0,
-0.04989693,0.1056622,-0.1469482,1,
1643731016577
0.03520812,-0.9815902,0.1877268,0,
-0.9993101,-0.03235645,0.01823583,0,
-0.01182597,-0.1882393,-0.9820523,0,
-0.04989176,0.1056738,-0.1469478,1,
1643731016643
0.03522652,-0.9815928,0.1877089,0,
-0.9993091,-0.03236869,0.01826942,0,
-0.01185724,-0.1882228,-0.9820548,0,
-0.04990555,0.1056823,-0.1469561,1,
1643731016709
0.03520496,-0.9815766,0.1877978,0,
-0.9993098,-0.03234622,0.01826606,0,
-0.01185498,-0.1883113,-0.9820378,0,
-0.04990384,0.1056776,-0.146975,1,
1643731016775
0.03521149,-0.9815791,0.187784,0,
-0.9993097,-0.03235346,0.01826528,0,
-0.01185337,-0.1882975,-0.9820408,0,
-0.04990228,0.1056699,-0.1469706,1,
1643731016841
0.03521855,-0.9815906,0.1877228,0,
-0.9993092,-0.03235855,0.01828027,0,
-0.01186933,-0.1882369,-0.9820523,0,
-0.04991088,0.1056919,-0.1469829,1,
1643731016907
0.03522409,-0.981582,0.1877663,0,
-0.9993092,-0.03236594,0.01826787,0,
-0.01185421,-0.18828,-0.982044,0,
-0.04992293,0.1057006,-0.1469773,1,
1643731016973
0.0352305,-0.9815765,0.1877938,0,
-0.9993085,-0.03236355,0.01831239,0,
-0.01189734,-0.1883091,-0.982038,0,
-0.04990309,0.1057103,-0.1469787,1,
1643731017039
0.03524625,-0.9815809,0.1877683,0,
-0.9993078,-0.03237598,0.0183341,0,
-0.01191726,-0.1882845,-0.9820427,0,
-0.04987703,0.1057137,-0.1469861,1,
1643731017105
0.03527452,-0.9815632,0.1878555,0,
-0.9993065,-0.03239935,0.01835561,0,
-0.0119308,-0.1883727,-0.9820253,0,
-0.04986779,0.1057146,-0.1469861,1,
1643731017171
0.03524033,-0.9815627,0.1878643,0,
-0.9993076,-0.03236393,0.01835858,0,
-0.01194009,-0.1883812,-0.9820237,0,
-0.04983096,0.1057158,-0.147002,1,
1643731017237
0.03522199,-0.9815839,0.1877566,0,
-0.999308,-0.03234547,0.01836366,0,
-0.0119524,-0.1882735,-0.982044,0,
-0.04982229,0.1057189,-0.1470263,1,
1643731017303
0.0352369,-0.9815692,0.1878298,0,
-0.9993073,-0.03235937,0.01836289,0,
-0.01194635,-0.1883468,-0.9820295,0,
-0.04982509,0.105721,-0.1470647,1,
1643731017369
0.03522064,-0.9815657,0.1878522,0,
-0.9993081,-0.03234273,0.01836455,0,
-0.01195036,-0.1883691,-0.9820257,0,
-0.04982381,0.1057014,-0.1470536,1,
1643731017435
0.03520019,-0.9815763,0.1877997,0,
-0.9993086,-0.03232287,0.01836118,0,
-0.01195266,-0.1883162,-0.9820355,0,
-0.04980892,0.1056863,-0.1470792,1,
1643731017501
0.03519196,-0.9815766,0.1877996,0,
-0.9993089,-0.03231471,0.01836086,0,
-0.0119539,-0.188316,-0.9820357,0,
-0.04980217,0.1056638,-0.1470848,1,
1643731017567
0.03520099,-0.9815826,0.1877664,0,
-0.9993086,-0.03232391,0.01836307,0,
-0.01195552,-0.188283,-0.982042,0,
-0.04981919,0.1056516,-0.1470826,1,
1643731017633
0.03519913,-0.9815646,0.1878623,0,
-0.9993091,-0.03232395,0.01834868,0,
-0.01193799,-0.1883784,-0.9820243,0,
-0.04981592,0.1056338,-0.1471049,1,
1643731017699
0.03520029,-0.9815728,0.187819,0,
-0.9993086,-0.03231974,0.01837885,0,
-0.01196993,-0.1883361,-0.9820319,0,
-0.04981311,0.1056011,-0.1470974,1,
1643731017765
0.03521568,-0.9816049,0.1876474,0,
-0.999308,-0.03233811,0.01837521,0,
-0.01196904,-0.1881647,-0.9820646,0,
-0.04982965,0.1055724,-0.1470798,1,
1643731017831
0.03522531,-0.9816004,0.1876693,0,
-0.9993077,-0.03234768,0.01837502,0,
-0.01196627,-0.1881866,-0.9820604,0,
-0.04982803,0.1055468,-0.1470904,1,
1643731017897
0.03522887,-0.9815905,0.1877206,0,
-0.9993075,-0.03234795,0.01838949,0,
-0.01197859,-0.1882384,-0.9820504,0,
-0.04983377,0.1055245,-0.1470984,1,
1643731017963
0.03522681,-0.9815813,0.1877687,0,
-0.9993075,-0.03234603,0.01838404,0,
-0.01197184,-0.1882863,-0.9820411,0,
-0.04981347,0.1055061,-0.1470867,1,
1643731018029
0.03522086,-0.9815866,0.1877435,0,
-0.9993078,-0.03233826,0.01839756,0,
-0.01198754,-0.1882615,-0.9820462,0,
-0.04981356,0.1055016,-0.1471131,1,
1643731018095
0.03522152,-0.9816011,0.1876672,0,
-0.9993076,-0.03233735,0.01841071,0,
-0.01200335,-0.1881857,-0.9820605,0,
-0.04980145,0.1054955,-0.1471056,1,
1643731018161
0.03523315,-0.9816002,0.1876689,0,
-0.9993071,-0.03235129,0.01839721,0,
-0.01198737,-0.1881871,-0.98206,0,
-0.04981015,0.105491,-0.1471061,1,
1643731018227
0.035213,-0.9815931,0.1877102,0,
-0.9993077,-0.03232716,0.01841481,0,
-0.01200773,-0.1882286,-0.982052,0,
-0.04978937,0.1054862,-0.1470971,1,
1643731018293
0.03522038,-0.9816008,0.1876678,0,
-0.9993073,-0.03233379,0.01842067,0,
-0.01201372,-0.1881866,-0.9820597,0,
-0.0498011,0.1054696,-0.1470919,1,
1643731018359
0.03521633,-0.9816056,0.1876426,0,
-0.999307,-0.03232817,0.01842741,0,
-0.01202226,-0.1881616,-0.9820639,0,
-0.04979163,0.105454,-0.1470811,1,
1643731018425
0.03521214,-0.9815981,0.1876841,0,
-0.9993075,-0.0323251,0.01842132,0,
-0.01201542,-0.1882028,-0.9820566,0,
-0.0497992,0.105449,-0.147082,1,
1643731018491
0.03521576,-0.9816073,0.1876358,0,
-0.9993078,-0.03233398,0.01839861,0,
-0.01199321,-0.1881538,-0.9820665,0,
-0.04980086,0.1054575,-0.1470633,1,
1643731018557
0.03519198,-0.9816154,0.1875966,0,
-0.9993084,-0.03231204,0.01838606,0,
-0.01198637,-0.188114,-0.9820736,0,
-0.04979683,0.1054581,-0.1470566,1,
1643731018623
0.03520126,-0.9816077,0.1876358,0,
-0.9993086,-0.03232553,0.01836512,0,
-0.01196192,-0.1881525,-0.982067,0,
-0.04978929,0.1054723,-0.1470388,1,
1643731018689
0.03519148,-0.9815934,0.1877128,0,
-0.9993092,-0.03231881,0.01834353,0,
-0.01193924,-0.1882287,-0.9820528,0,
-0.04980212,0.1054864,-0.1470093,1,
1643731018755
0.03519042,-0.9816074,0.1876387,0,
-0.9993095,-0.03232253,0.01832167,0,
-0.0119197,-0.1881539,-0.982067,0,
-0.04981101,0.1055133,-0.1469817,1,
1643731018821
0.03517718,-0.9815964,0.1876998,0,
-0.99931,-0.03230866,0.0183219,0,
-0.0119204,-0.1882148,-0.9820558,0,
-0.04981821,0.1055023,-0.1469981,1,
1643731018887
0.03519067,-0.9815999,0.1876786,0,
-0.9993097,-0.03232539,0.0183064,0,
-0.01190276,-0.1881932,-0.9820599,0,
-0.0498217,0.1055174,-0.1469937,1,
1643731018953
0.03518871,-0.9816055,0.1876508,0,
-0.9993097,-0.03231972,0.01832936,0,
-0.01192741,-0.1881663,-0.9820651,0,
-0.04984009,0.1055296,-0.1469979,1,
1643731019019
0.03519678,-0.9816,0.1876765,0,
-0.999309,-0.03232446,0.0183432,0,
-0.01193913,-0.1881925,-0.9820595,0,
-0.04985867,0.1055486,-0.1469939,1,
1643731019085
0.03518026,-0.9815832,0.1877676,0,
-0.9993098,-0.03231001,0.01832427,0,
-0.01192,-0.1882826,-0.9820423,0,
-0.04985354,0.1055636,-0.147018,1,
1643731019151
0.03518535,-0.9815934,0.187714,0,
-0.9993091,-0.03230765,0.01836837,0,
-0.01196567,-0.1882306,-0.982052,0,
-0.04984948,0.1055588,-0.1470205,1,
1643731019217
0.0351853,-0.9815932,0.1877145,0,
-0.9993091,-0.03230688,0.01837245,0,
-0.01196981,-0.1882313,-0.9820518,0,
-0.04984794,0.1055728,-0.1470378,1,
1643731019283
0.03519211,-0.981591,0.1877248,0,
-0.9993091,-0.03231764,0.01835169,0,
-0.01194703,-0.188241,-0.9820502,0,
-0.04986453,0.1055648,-0.1470461,1,
1643731019349
0.03519302,-0.9815986,0.1876847,0,
-0.9993089,-0.03231715,0.0183615,0,
-0.01195818,-0.1882012,-0.9820577,0,
-0.04984535,0.1055801,-0.1470319,1,
1643731019415
0.03518629,-0.9816002,0.187678,0,
-0.9993095,-0.03231583,0.01833326,0,
-0.01193095,-0.1881935,-0.9820595,0,
-0.04985556,0.105583,-0.1470222,1,
1643731019481
0.03516875,-0.9815866,0.1877514,0,
-0.9993101,-0.03229928,0.0183201,0,
-0.01191851,-0.1882662,-0.9820455,0,
-0.04985721,0.1055923,-0.1470091,1,
1643731019547
0.03516264,-0.981595,0.18771,0,
-0.9993104,-0.03229145,0.01833422,0,
-0.01193538,-0.1882252,-0.9820537,0,
-0.04985632,0.1055875,-0.1469978,1,
1643731019613
0.03517083,-0.9816004,0.1876787,0,
-0.99931,-0.0323013,0.01832533,0,
-0.01192585,-0.1881938,-0.9820592,0,
-0.04983511,0.1055629,-0.1470129,1,
1643731019679
0.03516569,-0.9816015,0.1876752,0,
-0.9993103,-0.03229387,0.01833954,0,
-0.01194137,-0.1881906,-0.9820601,0,
-0.04983937,0.1055437,-0.1470001,1,
1643731019745
0.03513244,-0.9816023,0.1876772,0,
-0.9993114,-0.03226418,0.01831611,0,
-0.01192387,-0.1881915,-0.9820599,0,
-0.04983523,0.1055523,-0.147007,1,
1643731019811
0.0351283,-0.9815992,0.1876941,0,
-0.9993114,-0.03225641,0.01833483,0,
-0.01194313,-0.1882089,-0.9820566,0,
-0.04982433,0.1055485,-0.1470116,1,
1643731019877
0.03514004,-0.9815996,0.1876897,0,
-0.9993109,-0.03226702,0.01834122,0,
-0.01194754,-0.1882049,-0.9820571,0,
-0.04982292,0.1055456,-0.1470176,1,
1643731019943
0.03514446,-0.9815986,0.1876937,0,
-0.9993105,-0.03226885,0.01835351,0,
-0.01195908,-0.1882093,-0.9820558,0,
-0.04980655,0.105548,-0.1470054,1,
1643731020009
0.03516376,-0.9816021,0.187672,0,
-0.9993099,-0.03228763,0.01836132,0,
-0.01196403,-0.1881881,-0.9820602,0,
-0.0498025,0.1055308,-0.1470169,1,
1643731020075
0.03516138,-0.9815992,0.1876871,0,
-0.9993097,-0.03228251,0.01837251,0,
-0.0119754,-0.1882036,-0.9820567,0,
-0.04980437,0.105524,-0.1470311,1,
1643731020141
0.03516091,-0.981598,0.1876939,0,
-0.9993094,-0.03227607,0.01840435,0,
-0.01200764,-0.1882114,-0.9820551,0,
-0.04979556,0.105532,-0.1470502,1,
1643731020207
0.03519117,-0.9815912,0.1877238,0,
-0.9993082,-0.0323034,0.01842014,0,
-0.01201691,-0.1882421,-0.982049,0,
-0.04980629,0.1055139,-0.1470847,1,
1643731020273
0.03520204,-0.9815879,0.1877391,0,
-0.9993081,-0.03231756,0.01840436,0,
-0.01199823,-0.1882572,-0.9820466,0,
-0.04982053,0.1055038,-0.1471113,1,
1643731020339
0.0351977,-0.9815949,0.1877029,0,
-0.9993083,-0.03231665,0.01838662,0,
-0.01198226,-0.1882203,-0.9820535,0,
-0.04982597,0.105491,-0.1471168,1,
1643731020405
0.03518109,-0.9815981,0.1876887,0,
-0.9993088,-0.03229869,0.01839177,0,
-0.01199119,-0.188206,-0.9820559,0,
-0.04983749,0.1054807,-0.147113,1,
1643731020472
0.03514943,-0.9815989,0.1876914,0,
-0.9993099,-0.03226574,0.01839747,0,
-0.01200292,-0.1882086,-0.9820557,0,
-0.04983895,0.1054658,-0.1471098,1,
1643731020537
0.03515606,-0.9815979,0.1876964,0,
-0.9993097,-0.03227055,0.0184096,0,
-0.01201379,-0.188214,-0.9820549,0,
-0.04983497,0.1054509,-0.1471109,1,
1643731020603
0.03514631,-0.9816031,0.18767,0,
-0.9993101,-0.03226331,0.0183962,0,
-0.01200292,-0.1881871,-0.98206,0,
-0.04981639,0.1054407,-0.1470993,1,
1643731020669
0.03516416,-0.9815994,0.1876865,0,
-0.9993093,-0.0322776,0.01841533,0,
-0.01201841,-0.1882044,-0.9820565,0,
-0.04982612,0.1054362,-0.1470829,1,
1643731020735
0.03514874,-0.9815924,0.1877257,0,
-0.9993097,-0.03226131,0.01841515,0,
-0.01201989,-0.1882434,-0.9820489,0,
-0.04981451,0.1054485,-0.1470767,1,
1643731020801
0.03513957,-0.9816057,0.1876579,0,
-0.99931,-0.03225271,0.01841601,0,
-0.01202479,-0.1881755,-0.9820619,0,
-0.04980768,0.1054572,-0.1470767,1,
1643731020867
0.03513758,-0.9816077,0.1876474,0,
-0.9993103,-0.03225327,0.01840266,0,
-0.01201195,-0.1881647,-0.982064,0,
-0.04980871,0.1054553,-0.1470872,1,
1643731020933
0.03513097,-0.981599,0.1876949,0,
-0.9993107,-0.03224773,0.01839512,0,
-0.01200393,-0.1882118,-0.9820554,0,
-0.04980426,0.105439,-0.1470709,1,
1643731020999
0.03511463,-0.9816064,0.1876587,0,
-0.9993107,-0.03222586,0.01842287,0,
-0.01203653,-0.1881763,-0.9820614,0,
-0.04980318,0.1054363,-0.1470715,1,
1643731021065
0.03512124,-0.9816083,0.187648,0,
-0.9993104,-0.03223188,0.01842833,0,
-0.01204117,-0.1881658,-0.9820636,0,
-0.04980096,0.1054079,-0.1470944,1,
1643731021131
0.03514841,-0.9815964,0.187705,0,
-0.9993094,-0.03225366,0.01845474,0,
-0.01206094,-0.188224,-0.9820521,0,
-0.04978476,0.1054065,-0.1470879,1,
1643731021197
0.03512605,-0.9815973,0.1877046,0,
-0.99931,-0.03223019,0.01845875,0,
-0.01206931,-0.1882235,-0.9820521,0,
-0.04977964,0.1054078,-0.1470916,1,
1643731021659
0.03511459,-0.981594,0.1877247,0,
-0.9993113,-0.03223013,0.0183988,0,
-0.0120098,-0.1882414,-0.9820498,0,
-0.04980701,0.1054545,-0.1471487,1,
1643731023969
0.03509249,-0.9816102,0.1876433,0,
-0.9993132,-0.03222932,0.01828986,0,
-0.01190592,-0.1881563,-0.9820672,0,
-0.04986675,0.1054148,-0.1469596,1,
1643731024035
0.03509736,-0.9816301,0.1875391,0,
-0.9993132,-0.03223628,0.01828692,0,
-0.01190546,-0.1880521,-0.9820873,0,
-0.04987123,0.1054281,-0.1469621,1,
1643731024102
0.0350859,-0.9816121,0.1876351,0,
-0.9993136,-0.03222344,0.01828662,0,
-0.01190415,-0.1881479,-0.982069,0,
-0.04987206,0.1054437,-0.1469812,1,
1643731024167
0.03506081,-0.9815977,0.1877156,0,
-0.9993145,-0.03219729,0.01828503,0,
-0.01190464,-0.188228,-0.9820537,0,
-0.04986801,0.1054404,-0.1469775,1,
1643731024299
0.03505407,-0.9816359,0.1875154,0,
-0.9993137,-0.03218368,0.01833016,0,
-0.01195859,-0.1880293,-0.9820905,0,
-0.04987884,0.1054154,-0.1469317,1,
1643731024431
0.03504916,-0.9816211,0.1875934,0,
-0.9993134,-0.03217054,0.01836636,0,
-0.01199379,-0.1881083,-0.9820747,0,
-0.04986542,0.1054079,-0.1469467,1,
1643731024497
0.03503741,-0.9816279,0.1875606,0,
-0.999314,-0.03215964,0.01836498,0,
-0.01199569,-0.1880754,-0.9820814,0,
-0.04985084,0.1054171,-0.1469614,1,
1643731025025
0.03505936,-0.9816222,0.1875875,0,
-0.9993137,-0.03218639,0.01834216,0,
-0.01196733,-0.1881018,-0.982077,0,
-0.04980158,0.1054476,-0.1470198,1,
1643731025224
0.03510869,-0.9816292,0.1875409,0,
-0.9993123,-0.03224295,0.01831071,0,
-0.01192747,-0.1880549,-0.9820862,0,
-0.04981545,0.1054642,-0.1469866,1,
1643731025289
0.03513268,-0.9816147,0.1876111,0,
-0.9993112,-0.03226363,0.0183231,0,
-0.01193317,-0.1881257,-0.9820721,0,
-0.04983353,0.1054889,-0.1469812,1,
1643731025358
0.03514107,-0.9816242,0.1875601,0,
-0.9993109,-0.03227084,0.01833411,0,
-0.01194445,-0.1880752,-0.9820818,0,
-0.04984171,0.1054946,-0.1469672,1,
1643731025421
0.0351675,-0.9816284,0.187533,0,
-0.9993095,-0.03229209,0.01836507,0,
-0.01197182,-0.1880494,-0.9820863,0,
-0.04983778,0.1055033,-0.1469569,1,
1643731025487
0.0351753,-0.9816264,0.1875415,0,
-0.9993091,-0.03229777,0.01837525,0,
-0.01198041,-0.1880583,-0.9820843,0,
-0.04983633,0.1055127,-0.1469467,1,
1643731025619
0.0351923,-0.9816142,0.1876032,0,
-0.999309,-0.03232065,0.01834281,0,
-0.01194208,-0.1881192,-0.9820732,0,
-0.04984342,0.1055188,-0.1469584,1,
1643731025751
0.03517535,-0.9816406,0.1874677,0,
-0.9993101,-0.03231383,0.01829768,0,
-0.01190392,-0.187982,-0.9821001,0,
-0.04988763,0.1055578,-0.1469369,1,
1643731025817
0.03517535,-0.9816245,0.1875512,0,
-0.9993098,-0.03231029,0.01830915,0,
-0.01191283,-0.1880658,-0.9820836,0,
-0.04987772,0.1055608,-0.1469201,1,
1643731025883
0.03519286,-0.981612,0.1876149,0,
-0.9993095,-0.0323276,0.01831038,0,
-0.01190854,-0.1881298,-0.9820719,0,
-0.04990982,0.1055427,-0.1469291,1,
1643731025949
0.03519624,-0.9816236,0.1875541,0,
-0.9993096,-0.03233457,0.01829684,0,
-0.01189614,-0.1880686,-0.982084,0,
-0.04994425,0.1055541,-0.1469177,1,
1643731026015
0.03517736,-0.9816142,0.1876059,0,
-0.9993103,-0.0323155,0.01829181,0,
-0.01189292,-0.18812,-0.982074,0,
-0.04994618,0.1055449,-0.146931,1,
1643731026081
0.03517014,-0.9815995,0.1876843,0,
-0.9993102,-0.03230265,0.01831535,0,
-0.01191564,-0.188199,-0.9820586,0,
-0.04992786,0.1055344,-0.1469352,1,
1643731026280
0.03518145,-0.9816071,0.1876413,0,
-0.9993095,-0.03231196,0.01832856,0,
-0.01192838,-0.1881566,-0.9820663,0,
-0.0499038,0.1055743,-0.1469831,1,
1643731026346
0.03517325,-0.9816134,0.1876113,0,
-0.9993101,-0.03230727,0.01831212,0,
-0.01191419,-0.188126,-0.9820725,0,
-0.04989468,0.1055792,-0.1469969,1,
1643731026411
0.03518276,-0.981624,0.1875536,0,
-0.99931,-0.0323226,0.0182857,0,
-0.01188743,-0.1880675,-0.9820839,0,
-0.04992183,0.1055739,-0.147007,1,
1643731026477
0.03515516,-0.9816059,0.1876538,0,
-0.9993116,-0.03230015,0.01825171,0,
-0.01185476,-0.1881662,-0.9820657,0,
-0.04992858,0.1055698,-0.1470082,1,
1643731026543
0.03515793,-0.9816086,0.1876384,0,
-0.9993116,-0.03230726,0.01822826,0,
-0.0118309,-0.1881501,-0.9820687,0,
-0.04995051,0.105559,-0.1470163,1,
1643731026609
0.03516448,-0.9816261,0.1875464,0,
-0.9993114,-0.03231447,0.01823254,0,
-0.01183707,-0.1880585,-0.9820864,0,
-0.04994683,0.1055534,-0.1469955,1,
1643731026675
0.03517546,-0.9816246,0.1875533,0,
-0.9993113,-0.03232739,0.01822501,0,
-0.01182703,-0.1880652,-0.9820856,0,
-0.04995576,0.105547,-0.1469862,1,
1643731026741
0.03517394,-0.9816124,0.1876164,0,
-0.9993109,-0.03231832,0.01825865,0,
-0.01185946,-0.1881293,-0.9820727,0,
-0.04993989,0.10553,-0.1469856,1,
1643731026807
0.03515441,-0.9816147,0.1876077,0,
-0.9993114,-0.03229982,0.01825053,0,
-0.01185527,-0.1881201,-0.9820742,0,
-0.04991017,0.1055308,-0.1469789,1,
1643731026873
0.03515967,-0.9816219,0.1875687,0,
-0.9993111,-0.0323051,0.01825316,0,
-0.01185825,-0.1880813,-0.9820815,0,
-0.04989837,0.1055226,-0.1469543,1,
1643731026939
0.03517544,-0.9816195,0.1875785,0,
-0.9993109,-0.0323239,0.01823911,0,
-0.01184059,-0.1880909,-0.9820801,0,
-0.04987801,0.1055106,-0.1469688,1,
1643731027203
0.03521163,-0.9816079,0.1876335,0,
-0.9993092,-0.03234936,0.01829631,0,
-0.01188998,-0.1881481,-0.9820688,0,
-0.04984891,0.1055062,-0.1469384,1,
1643731027269
0.03523682,-0.9816356,0.1874832,0,
-0.9993079,-0.0323723,0.01831965,0,
-0.01191396,-0.187999,-0.982097,0,
-0.04985958,0.1055181,-0.1469223,1,
1643731027401
0.03521594,-0.9816111,0.1876159,0,
-0.9993083,-0.03234231,0.01835749,0,
-0.011952,-0.1881326,-0.9820711,0,
-0.04984608,0.1055252,-0.1469481,1,
1643731027471
0.03518044,-0.9816223,0.1875631,0,
-0.9993092,-0.03230496,0.01836587,0,
-0.01196912,-0.1880797,-0.9820808,0,
-0.04981901,0.1055332,-0.146965,1,
1643731027534
0.03517127,-0.9815955,0.1877053,0,
-0.9993096,-0.03229265,0.01837297,0,
-0.01197333,-0.1882219,-0.9820536,0,
-0.04983481,0.1055211,-0.1469948,1,
1643731027665
0.03520055,-0.9816169,0.1875884,0,
-0.9993085,-0.03232367,0.01837491,0,
-0.01197359,-0.1881055,-0.982076,0,
-0.04985978,0.1055281,-0.1470398,1,
1643731027799
0.03520659,-0.9815979,0.1876857,0,
-0.9993082,-0.03232642,0.018385,0,
-0.01197948,-0.1882031,-0.982057,0,
-0.04983297,0.1055255,-0.147084,1,
1643731027863
0.03521004,-0.9816121,0.1876113,0,
-0.9993078,-0.03232724,0.01840381,0,
-0.01200044,-0.1881295,-0.9820709,0,
-0.04983211,0.1055335,-0.1470729,1,
1643731027930
0.03520565,-0.9816079,0.1876333,0,
-0.9993077,-0.03231948,0.01841934,0,
-0.01201636,-0.1881519,-0.9820663,0,
-0.04982741,0.1055473,-0.1470775,1,
1643731027995
0.03520333,-0.9816074,0.1876354,0,
-0.9993075,-0.0323156,0.01842475,0,
-0.01202228,-0.1881541,-0.9820654,0,
-0.04982005,0.1055608,-0.147087,1,
1643731028061
0.03520502,-0.9816142,0.1876019,0,
-0.999308,-0.03232237,0.01840447,0,
-0.01200236,-0.18812,-0.9820729,0,
-0.04985055,0.1055717,-0.1470923,1,
1643731028127
0.03521832,-0.9815995,0.1876754,0,
-0.9993076,-0.03233518,0.01840243,0,
-0.01199529,-0.1881935,-0.9820587,0,
-0.04985604,0.1055687,-0.1470972,1,
1643731028193
0.03519853,-0.981593,0.1877141,0,
-0.9993086,-0.03231796,0.0183872,0,
-0.01198225,-0.1882315,-0.9820521,0,
-0.04983388,0.1055661,-0.1470983,1,
1643731028259
0.03521137,-0.9816231,0.1875538,0,
-0.9993083,-0.03233781,0.01836011,0,
-0.01195764,-0.1880706,-0.9820828,0,
-0.04982185,0.1055669,-0.147067,1,
1643731028325
0.03521624,-0.9816202,0.1875681,0,
-0.9993082,-0.03234344,0.01835576,0,
-0.0119518,-0.1880848,-0.9820802,0,
-0.04983032,0.105547,-0.1470653,1,
1643731028391
0.03521023,-0.9816163,0.1875902,0,
-0.9993087,-0.03234021,0.0183408,0,
-0.01193696,-0.1881063,-0.9820765,0,
-0.04983651,0.1055502,-0.1470478,1,
1643731028457
0.0352126,-0.9816328,0.1875031,0,
-0.9993088,-0.03234729,0.01832078,0,
-0.01191907,-0.1880186,-0.9820933,0,
-0.04985754,0.1055246,-0.1470419,1,
1643731028523
0.0352093,-0.981619,0.1875749,0,
-0.9993089,-0.03234452,0.01831209,0,
-0.01190847,-0.18809,-0.9820796,0,
-0.04985233,0.1054826,-0.1470326,1,
1643731028589
0.03522846,-0.9816052,0.1876436,0,
-0.9993085,-0.03236454,0.01830534,0,
-0.01189562,-0.1881587,-0.9820666,0,
-0.0498703,0.1054705,-0.1470149,1,
1643731028655
0.0352152,-0.9816297,0.1875179,0,
-0.9993092,-0.03235971,0.01826697,0,
-0.01186335,-0.1880317,-0.9820911,0,
-0.04987588,0.1054475,-0.1469939,1,
1643731028721
0.03521132,-0.981629,0.1875235,0,
-0.9993098,-0.03235881,0.01825369,0,
-0.01185035,-0.1880367,-0.9820908,0,
-0.04988842,0.1054174,-0.1469722,1,
1643731028787
0.03520142,-0.9816183,0.1875802,0,
-0.9993099,-0.03234716,0.01825588,0,
-0.01185261,-0.1880934,-0.9820795,0,
-0.04989405,0.1054094,-0.1469593,1,
1643731028853
0.03521363,-0.9816264,0.1875358,0,
-0.9993092,-0.03235592,0.0182782,0,
-0.01187447,-0.1880499,-0.9820876,0,
-0.04992464,0.1053802,-0.1469712,1,
1643731028919
0.03519896,-0.9816113,0.1876178,0,
-0.9993098,-0.03234044,0.01827569,0,
-0.01187197,-0.1881316,-0.982072,0,
-0.04992984,0.105378,-0.1469807,1,
1643731028985
0.03519468,-0.9816079,0.1876356,0,
-0.9993099,-0.03233728,0.01826675,0,
-0.01186313,-0.1881491,-0.9820685,0,
-0.04995357,0.1053609,-0.1469742,1,
1643731029051
0.03519635,-0.9816193,0.1875769,0,
-0.9993098,-0.03233679,0.01828502,0,
-0.01188331,-0.188091,-0.98208,0,
-0.04992021,0.1053559,-0.1469923,1,
1643731029117
0.03520007,-0.9816254,0.187544,0,
-0.9993098,-0.03234338,0.01827171,0,
-0.01187017,-0.1880577,-0.9820863,0,
-0.0499487,0.1053502,-0.1470044,1,
1643731029183
0.03517218,-0.981609,0.1876339,0,
-0.9993107,-0.0323143,0.01826783,0,
-0.01186859,-0.1881471,-0.9820689,0,
-0.04996146,0.1053432,-0.1469964,1,
1643731029249
0.03516679,-0.9816219,0.1875683,0,
-0.999311,-0.03231026,0.01826698,0,
-0.0118709,-0.1880815,-0.9820819,0,
-0.04997186,0.1053373,-0.1470003,1,
1643731029315
0.03517339,-0.9816329,0.1875095,0,
-0.9993101,-0.03230741,0.01831997,0,
-0.01192554,-0.1880245,-0.982092,0,
-0.04996441,0.1053203,-0.146976,1,
1643731029381
0.03517409,-0.9816201,0.1875748,0,
-0.9993101,-0.03231095,0.01829813,0,
-0.01190106,-0.188089,-0.9820794,0,
-0.04995907,0.1053389,-0.1469938,1,
1643731029447
0.03514933,-0.9816151,0.187608,0,
-0.9993111,-0.03228274,0.01831573,0,
-0.01192253,-0.1881226,-0.9820735,0,
-0.0499291,0.1053489,-0.1470113,1,
1643731029513
0.03516298,-0.9816216,0.1875701,0,
-0.9993102,-0.03229441,0.01832765,0,
-0.01193336,-0.1880852,-0.9820802,0,
-0.04992792,0.1053579,-0.1470062,1,
1643731029579
0.0351667,-0.9816061,0.1876509,0,
-0.9993101,-0.03229584,0.01833584,0,
-0.01193824,-0.1881662,-0.9820648,0,
-0.04989357,0.1053593,-0.1470309,1,
1643731029645
0.03517496,-0.9816073,0.1876421,0,
-0.9993094,-0.03229932,0.01836055,0,
-0.01196212,-0.1881584,-0.9820657,0,
-0.04985938,0.1053522,-0.147053,1,
1643731029711
0.03516491,-0.9816354,0.1874985,0,
-0.9993096,-0.0322867,0.01838473,0,
-0.01199342,-0.1880155,-0.9820931,0,
-0.04984473,0.1053596,-0.1470556,1,
1643731029777
0.0351581,-0.9816355,0.1874992,0,
-0.9993098,-0.03227872,0.01839013,0,
