1643731008229
0.007054932,0.9764831,-0.2154799,0,
0.999829,-0.003200699,0.01822805,0,
0.01710963,-0.2155715,-0.9763386,0,
0.04994876,0.1065607,-0.146418,1,
1643731008295
0.007051475,0.9764745,-0.2155176,0,
0.9998289,-0.00319948,0.01821693,0,
0.01709882,-0.2156091,-0.97633,0,
0.04997044,0.10657,-0.1464101,1,
1643731008361
0.007051069,0.9764782,-0.2155013,0,
0.9998289,-0.003197037,0.01822664,0,
0.01710893,-0.2155929,-0.9763336,0,
0.05000207,0.10659,-0.1463935,1,
1643731008427
0.007019337,0.976478,-0.2155038,0,
0.9998296,-0.003172416,0.01819042,0,
0.01707884,-0.2155947,-0.9763338,0,
0.04999999,0.1066146,-0.1464031,1,
1643731008493
0.007016592,0.9764763,-0.2155105,0,
0.9998298,-0.003173582,0.01817329,0,
0.01706186,-0.2156013,-0.9763323,0,
0.05000218,0.1066271,-0.146432,1,
1643731008559
0.007014062,0.9764863,-0.2154656,0,
0.9998295,-0.003167402,0.01819217,0,
0.01708192,-0.2155565,-0.9763421,0,
0.04999832,0.1066405,-0.1464251,1,
1643731008625
0.007030345,0.9764898,-0.2154495,0,
0.9998296,-0.003184509,0.01819043,0,
0.01707661,-0.2155406,-0.976346,0,
0.05001122,0.1066279,-0.1464211,1,
1643731008691
0.007025026,0.9764811,-0.2154886,0,
0.9998294,-0.003178179,0.01819292,0,
0.01708017,-0.2155796,-0.9763368,0,
0.05000177,0.1066198,-0.1464166,1,
1643731008757
0.007009279,0.976473,-0.2155263,0,
0.9998299,-0.003164444,0.01817798,0,
0.01706825,-0.215617,-0.976329,0,
0.04999774,0.106628,-0.1464023,1,
1643731008823
0.007010892,0.9764838,-0.2154765,0,
0.9998295,-0.003165212,0.01818788,0,
0.01707817,-0.2155673,-0.9763394,0,
0.05000788,0.1066447,-0.1463979,1,
1643731008889
0.007002927,0.976485,-0.2154718,0,
0.9998302,-0.003162537,0.01816248,0,
0.01705393,-0.2155624,-0.9763411,0,
0.05001448,0.1066592,-0.1464134,1,
1643731008955
0.006995708,0.9764739,-0.215522,0,
0.9998294,-0.003145441,0.01820268,0,
0.01709654,-0.2156126,-0.9763293,0,
0.0500103,0.106673,-0.1464035,1,
1643731009021
0.006996218,0.9764711,-0.2155342,0,
0.9998295,-0.003148261,0.01819164,0,
0.01708505,-0.2156248,-0.9763266,0,
0.04999392,0.1066702,-0.1464085,1,
1643731009087
0.006997615,0.9764741,-0.2155202,0,
0.9998291,-0.003145639,0.01821225,0,
0.01710589,-0.2156108,-0.9763291,0,
0.04999229,0.106672,-0.1464365,1,
1643731009153
0.006981552,0.9764816,-0.215488,0,
0.9998296,-0.003132865,0.01819585,0,
0.01709279,-0.2155783,-0.9763371,0,
0.04998516,0.1066762,-0.1464396,1,
1643731009219
0.006979391,0.97649,-0.215449,0,
0.9998291,-0.00312683,0.01821832,0,
0.01711637,-0.2155393,-0.9763448,0,
0.04998695,0.1066762,-0.146421,1,
1643731009285
0.00699399,0.9764971,-0.2154166,0,
0.9998293,-0.003144562,0.01820794,0,
0.01710265,-0.2155072,-0.9763523,0,
0.04999005,0.1066801,-0.1464139,1,
1643731009351
0.006999005,0.9764968,-0.2154186,0,
0.9998288,-0.00314175,0.0182421,0,
0.01713654,-0.2155094,-0.9763516,0,
0.04999021,0.1066857,-0.1463885,1,
1643731009417
0.006982401,0.9764852,-0.2154706,0,
0.9998286,-0.003123097,0.01824724,0,
0.01714525,-0.2155611,-0.9763396,0,
0.04997305,0.1066913,-0.1463729,1,
1643731009483
0.006992396,0.9764931,-0.2154343,0,
0.9998281,-0.003129337,0.0182686,0,
0.01716505,-0.215525,-0.9763471,0,
0.04998916,0.106673,-0.1463441,1,
1643731009549
0.006946299,0.9765059,-0.2153783,0,
0.9998285,-0.003083788,0.01826437,0,
0.01717108,-0.2154682,-0.9763598,0,
0.04996652,0.1066703,-0.146337,1,
1643731009615
0.006929725,0.9765084,-0.2153676,0,
0.9998286,-0.003069311,0.01825424,0,
0.01716438,-0.2154572,-0.9763623,0,
0.04995884,0.1066666,-0.1463216,1,
1643731009681
0.006901279,0.9765027,-0.2153952,0,
0.9998293,-0.003045116,0.0182291,0,
0.01714487,-0.2154842,-0.9763568,0,
0.04994023,0.1066466,-0.1463102,1,
1643731009747
0.006885782,0.9765106,-0.2153597,0,
0.9998292,-0.003027253,0.01824046,0,
0.01716002,-0.2154485,-0.9763646,0,
0.04988828,0.1066545,-0.1462999,1,
1643731009813
0.006910577,0.9765078,-0.2153707,0,
0.9998288,-0.003051646,0.0182455,0,
0.01715965,-0.21546,-0.9763618,0,
0.0498916,0.1066539,-0.1463127,1,
1643731009879
0.006947257,0.9764845,-0.215476,0,
0.9998289,-0.003087908,0.01824174,0,
0.0171474,-0.2155659,-0.9763389,0,
0.04991896,0.1066452,-0.1463302,1,
1643731009944
0.006952364,0.9764827,-0.2154841,0,
0.9998289,-0.003092743,0.01824235,0,
0.01714687,-0.215574,-0.9763372,0,
0.04992282,0.1066508,-0.1463262,1,
1643731010010
0.006935921,0.9764911,-0.2154462,0,
0.9998288,-0.003074769,0.01825141,0,
0.01715988,-0.2155359,-0.9763452,0,
0.04989623,0.1066515,-0.1463282,1,
1643731010143
0.006949089,0.9765062,-0.2153776,0,
0.9998295,-0.003098011,0.01821266,0,
0.01711752,-0.2154674,-0.976361,0,
0.04990215,0.1066571,-0.1463351,1,
1643731010209
0.006942742,0.976503,-0.2153933,0,
0.9998298,-0.003093023,0.01820224,0,
0.01710824,-0.2154829,-0.9763583,0,
0.0499138,0.1066714,-0.1463522,1,
1643731010275
0.006975748,0.9764733,-0.2155254,0,
0.9998295,-0.003125329,0.01820091,0,
0.01709912,-0.2156155,-0.9763286,0,
0.04992111,0.1066668,-0.1463665,1,
1643731010341
0.00696877,0.9764779,-0.2155039,0,
0.9998297,-0.003123429,0.01818063,0,
0.01707992,-0.215594,-0.9763333,0,
0.04992756,0.1066511,-0.1463819,1,
1643731010407
0.006986387,0.976492,-0.2154395,0,
0.9998294,-0.003138546,0.01819875,0,
0.01709482,-0.2155299,-0.9763472,0,
0.04995231,0.1066249,-0.1463932,1,
1643731010473
0.006976616,0.9764968,-0.2154174,0,
0.9998294,-0.003130905,0.01819112,0,
0.01708919,-0.2155077,-0.976352,0,
0.04996359,0.1066184,-0.1464119,1,
1643731010539
0.00694672,0.9764787,-0.2155021,0,
0.9998295,-0.003094085,0.01820884,0,
0.01711372,-0.2155918,-0.9763338,0,
0.04996368,0.1066418,-0.1464044,1,
1643731010605
0.00695968,0.9764754,-0.2155173,0,
0.9998296,-0.003107138,0.01820849,0,
0.01711047,-0.2156072,-0.9763304,0,
0.04996515,0.1066467,-0.1463827,1,
1643731010737
0.006971132,0.9764896,-0.2154519,0,
0.9998291,-0.003117364,0.0182219,0,
0.01712186,-0.2155421,-0.9763443,0,
0.04994158,0.1066232,-0.1463555,1,
1643731011001
0.006993882,0.9764851,-0.2154711,0,
0.9998289,-0.003138907,0.01822861,0,
0.01712363,-0.2155617,-0.9763399,0,
0.04995926,0.1066057,-0.1463418,1,
1643731011067
0.006993748,0.9764861,-0.2154666,0,
0.9998286,-0.003135636,0.0182432,0,
0.01713863,-0.2155572,-0.9763406,0,
0.04993939,0.1065765,-0.1463393,1,
1643731011133
0.006986666,0.976503,-0.2153904,0,
0.9998288,-0.003130831,0.01823815,0,
0.01713528,-0.2154809,-0.9763575,0,
0.04993143,0.1065548,-0.1463603,1,
1643731011199
0.007023226,0.9764919,-0.2154394,0,
0.9998284,-0.003165346,0.01824774,0,
0.01713685,-0.2155306,-0.9763464,0,
0.04995935,0.1065393,-0.146362,1,
1643731011265
0.007036824,0.9764737,-0.2155221,0,
0.9998282,-0.003173102,0.01826737,0,
0.01715372,-0.2156136,-0.9763282,0,
0.04995387,0.1065407,-0.146363,1,
1643731011397
0.007071577,0.9764938,-0.2154298,0,
0.9998273,-0.003199197,0.01831749,0,
0.01719767,-0.215522,-0.9763477,0,
0.04995045,0.1065292,-0.1463403,1,
1643731011462
0.007079814,0.9764847,-0.2154696,0,
0.999827,-0.003207568,0.01831723,0,
0.01719543,-0.215562,-0.9763383,0,
0.04994393,0.106529,-0.1463475,1,
1643731011727
0.007107273,0.976494,-0.215427,0,
0.9998274,-0.003242061,0.01829132,0,
0.01716297,-0.2155198,-0.9763483,0,
0.04996972,0.1065754,-0.1463625,1,
1643731011859
0.007145964,0.9764906,-0.2154419,0,
0.999828,-0.003288552,0.0182567,0,
0.01711896,-0.2155353,-0.9763462,0,
0.05005411,0.1065833,-0.1463453,1,
1643731011925
0.007141598,0.9764842,-0.2154707,0,
0.9998282,-0.003286425,0.01824416,0,
0.01710699,-0.215564,-0.9763399,0,
0.05006849,0.1065792,-0.146341,1,
1643731011990
0.007140093,0.9764914,-0.2154385,0,
0.9998284,-0.003286406,0.01823967,0,
0.01710283,-0.2155317,-0.9763472,0,
0.05009099,0.1065837,-0.1463428,1,
1643731012057
0.007166993,0.9764907,-0.2154408,0,
0.9998285,-0.003317326,0.01822443,0,
0.01708128,-0.2155344,-0.9763469,0,
0.05016571,0.1065825,-0.146309,1,
1643731012123
0.007171541,0.9764885,-0.2154505,0,
0.9998282,-0.003317997,0.01824105,0,
0.01709728,-0.2155443,-0.9763446,0,
0.05022429,0.1066008,-0.1462807,1,
1643731012188
0.007155865,0.9764994,-0.2154002,0,
0.9998285,-0.003309552,0.01821322,0,
0.01707236,-0.2154937,-0.9763557,0,
0.05025464,0.1066363,-0.1462691,1,
1643731012254
0.007133629,0.9765059,-0.2153729,0,
0.9998292,-0.003291558,0.01819171,0,
0.01705538,-0.2154659,-0.9763626,0,
0.0502789,0.1066483,-0.1462599,1,
1643731012321
0.007114641,0.9764871,-0.2154587,0,
0.9998293,-0.003272485,0.01818406,0,
0.01705143,-0.2155513,-0.9763436,0,
0.05027783,0.1066833,-0.1462653,1,
1643731012387
0.007051852,0.9764768,-0.2155075,0,
0.9998294,-0.003204219,0.0181969,0,
0.01707828,-0.215599,-0.9763328,0,
0.05022922,0.1066936,-0.1462771,1,
1643731012453
0.007035721,0.9764895,-0.21545,0,
0.9998292,-0.003187705,0.01820239,0,
0.01708764,-0.2155412,-0.9763452,0,
0.05018749,0.1067118,-0.1462989,1,
1643731012519
0.007013768,0.9765177,-0.2153223,0,
0.9998294,-0.003169633,0.0181941,0,
0.01708441,-0.2154132,-0.9763733,0,
0.05013686,0.106695,-0.14632,1,
1643731012585
0.007018946,0.9764806,-0.2154907,0,
0.9998293,-0.003170364,0.01820058,0,
0.01708935,-0.2155817,-0.9763361,0,
0.05009666,0.1066938,-0.1463728,1,
1643731012651
0.006997108,0.9764806,-0.2154905,0,
0.9998291,-0.003146309,0.01821004,0,
0.01710383,-0.2155811,-0.9763356,0,
0.05006076,0.1066991,-0.1463911,1,
1643731012717
0.006982271,0.9764915,-0.2154428,0,
0.9998292,-0.003129706,0.01821774,0,
0.01711518,-0.2155332,-0.9763466,0,
0.0500263,0.1066862,-0.1464157,1,
1643731012783
0.006971668,0.9764943,-0.2154316,0,
0.9998296,-0.003121536,0.01820508,0,
0.01710462,-0.2155218,-0.9763495,0,
0.05000808,0.1066578,-0.1464347,1,
1643731012849
0.006967995,0.9764907,-0.2154471,0,
0.9998296,-0.003120206,0.01819414,0,
0.01709415,-0.2155372,-0.9763461,0,
0.04997961,0.1066328,-0.1464498,1,
1643731012915
0.006949157,0.9765025,-0.2153945,0,
0.9998296,-0.00310019,0.01820099,0,
0.01710551,-0.2154843,-0.9763577,0,
0.049931,0.1066213,-0.1464397,1,
1643731012981
0.006945927,0.9764881,-0.2154597,0,
0.9998294,-0.003093466,0.01821176,0,
0.01711702,-0.2155494,-0.976343,0,
0.04991832,0.1066271,-0.1464414,1,
1643731013047
0.006949168,0.9764816,-0.2154894,0,
0.9998296,-0.003097646,0.01820431,0,
0.0171086,-0.2155791,-0.9763368,0,
0.04991779,0.1066335,-0.146439,1,
1643731013113
0.006954171,0.9765093,-0.215363,0,
0.9998297,-0.003108799,0.01818906,0,
0.01709226,-0.2154528,-0.9763646,0,
0.04992057,0.1066321,-0.1464202,1,
1643731013178
0.006948665,0.9764861,-0.2154689,0,
0.9998295,-0.003095921,0.01821191,0,
0.01711657,-0.2155586,-0.9763411,0,
0.04989286,0.1066409,-0.1464372,1,
1643731013244
0.006930839,0.9764763,-0.2155133,0,
0.9998296,-0.003078323,0.01820649,0,
0.0171148,-0.2156027,-0.9763311,0,
0.04987435,0.1066385,-0.1464473,1,
1643731013310
0.006940834,0.9764941,-0.2154326,0,
0.9998294,-0.003087342,0.01821856,0,
0.01712521,-0.2155223,-0.9763487,0,
0.04984549,0.1066428,-0.1464217,1,
1643731013376
0.00694241,0.9764957,-0.215425,0,
0.9998296,-0.003092084,0.01820449,0,
0.01711047,-0.2155146,-0.9763507,0,
0.04985595,0.1066386,-0.1464146,1,
1643731013443
0.006911136,0.9764898,-0.2154535,0,
0.9998294,-0.003054835,0.01822468,0,
0.01713798,-0.2155426,-0.9763443,0,
0.04985064,0.1066428,-0.1464124,1,
1643731013509
0.006938312,0.9765072,-0.2153726,0,
0.9998291,-0.003082439,0.01823358,0,
0.01714134,-0.2154623,-0.9763618,0,
0.04986163,0.1066511,-0.1463928,1,
1643731013574
0.006961677,0.9764865,-0.215468,0,
0.9998289,-0.003099028,0.01825665,0,
0.01715956,-0.2155581,-0.9763408,0,
0.04984689,0.1066556,-0.1463897,1,
1643731013641
0.006962296,0.9764802,-0.2154937,0,
0.9998287,-0.003103927,0.01823939,0,
0.01714156,-0.2155839,-0.9763345,0,
0.04985708,0.1066596,-0.1463716,1,
1643731013706
0.006973933,0.976499,-0.215409,0,
0.9998285,-0.003113814,0.01825429,0,
0.01715456,-0.2154994,-0.9763532,0,
0.0498671,0.1066457,-0.1463594,1,
1643731013772
0.006994512,0.976501,-0.2153996,0,
0.9998291,-0.003142431,0.01822075,0,
0.0171157,-0.2154902,-0.9763559,0,
0.04989084,0.1066418,-0.1463596,1,
1643731013838
0.007004458,0.9764899,-0.2154492,0,
0.9998288,-0.003147963,0.01823738,0,
0.01713038,-0.2155401,-0.9763448,0,
0.04989235,0.1066307,-0.1463741,1,
1643731013904
0.007025264,0.9764892,-0.2154517,0,
0.9998286,-0.003168497,0.01824113,0,
0.01712961,-0.2155429,-0.976344,0,
0.04990574,0.1066287,-0.1463592,1,
1643731013970
0.007013958,0.976483,-0.2154809,0,
0.9998293,-0.003161434,0.01821616,0,
0.01710649,-0.2155718,-0.9763386,0,
0.04992471,0.1066208,-0.1463728,1,
1643731014036
0.007008538,0.9764801,-0.2154933,0,
0.9998295,-0.003162056,0.01819021,0,
0.01708101,-0.2155841,-0.9763356,0,
0.04994752,0.1066104,-0.1463572,1,
1643731014102
0.007032182,0.9764781,-0.2155014,0,
0.9998295,-0.003187258,0.018185,0,
0.01707042,-0.2155926,-0.9763339,0,
0.04996772,0.1066088,-0.1463682,1,
1643731014169
0.007018164,0.976505,-0.2153802,0,
0.9998298,-0.003176671,0.01817704,0,
0.01706579,-0.2154711,-0.976361,0,
0.04995381,0.1066028,-0.1463911,1,
1643731014234
0.007039126,0.9764863,-0.2154643,0,
0.9998294,-0.003193665,0.01819097,0,
0.01707514,-0.2155556,-0.9763421,0,
0.04999241,0.1065977,-0.1464053,1,
1643731014301
0.007032152,0.9764723,-0.2155285,0,
0.999829,-0.003178168,0.01822201,0,
0.01710827,-0.2156197,-0.9763277,0,
0.05000601,0.1065864,-0.1464068,1,
1643731014367
0.007034514,0.9764925,-0.2154366,0,
0.9998288,-0.003180411,0.01823128,0,
0.01711753,-0.215528,-0.9763476,0,
0.05002609,0.1065894,-0.1463912,1,
1643731014433
0.007010356,0.9765003,-0.2154016,0,
0.9998286,-0.003154978,0.01823758,0,
0.01712943,-0.2154926,-0.9763551,0,
0.05001691,0.1065927,-0.1463896,1,
1643731014498
0.006963193,0.9764625,-0.2155732,0,
0.9998291,-0.003109444,0.01821297,0,
0.01711404,-0.2156633,-0.9763173,0,
0.04999472,0.1066033,-0.1463995,1,
1643731014564
0.006962232,0.9764849,-0.2154732,0,
0.9998288,-0.003103953,0.01823973,0,
0.01714203,-0.2155633,-0.9763393,0,
0.04996315,0.10661,-0.1463854,1,
1643731014631
0.006970283,0.9765011,-0.2153997,0,
0.9998286,-0.003109243,0.018258,0,
0.01715921,-0.21549,-0.9763554,0,
0.04993935,0.1066242,-0.1463879,1,
1643731014696
0.006964948,0.9764864,-0.2154667,0,
0.9998286,-0.003101207,0.01826342,0,
0.01716573,-0.2155569,-0.9763407,0,
0.04992785,0.1066212,-0.1463887,1,
1643731014763
0.00696836,0.9764944,-0.2154307,0,
0.9998283,-0.003102336,0.01827707,0,
0.01717908,-0.2155211,-0.9763483,0,
0.04992738,0.1066226,-0.1463832,1,
1643731014829
0.006973527,0.9765,-0.2154055,0,
0.999828,-0.003104359,0.01829374,0,
0.01719509,-0.215496,-0.9763536,0,
0.04989938,0.1066353,-0.1463837,1,
1643731014895
0.006983485,0.9764751,-0.215517,0,
0.9998274,-0.003107201,0.01831967,0,
0.01721905,-0.2156078,-0.9763281,0,
0.04986239,0.1066396,-0.1464056,1,
1643731014960
0.006969906,0.9764886,-0.2154561,0,
0.9998277,-0.003097251,0.01830633,0,
0.0172086,-0.2155465,-0.976342,0,
0.04983693,0.1066164,-0.1464034,1,
1643731015027
0.006960865,0.9765021,-0.215396,0,
0.9998279,-0.003090471,0.01829948,0,
0.01720376,-0.2154863,-0.9763554,0,
0.04981911,0.1066196,-0.1464072,1,
1643731015092
0.006956477,0.9764971,-0.2154176,0,
0.9998277,-0.003086485,0.01829755,0,
0.01720267,-0.2155078,-0.9763502,0,
0.04982249,0.1065922,-0.1464028,1,
1643731015159
0.006959129,0.9765,-0.2154038,0,
0.9998279,-0.003093813,0.01827925,0,
0.01718336,-0.2154939,-0.9763533,0,
0.0498322,0.1065937,-0.1464135,1,
1643731015224
0.006968156,0.9765056,-0.2153796,0,
0.9998284,-0.003105219,0.01826794,0,
0.01716992,-0.2154699,-0.9763597,0,
0.04984023,0.1066009,-0.1464013,1,
1643731015290
0.006982666,0.9764898,-0.2154511,0,
0.9998279,-0.003111109,0.01830247,0,
0.01720186,-0.2155418,-0.9763432,0,
0.0498401,0.1065983,-0.1463887,1,
1643731015357
0.006980333,0.9764891,-0.2154536,0,
0.9998279,-0.003111254,0.01829192,0,
0.01719153,-0.2155441,-0.9763427,0,
0.04984513,0.1066093,-0.1463667,1,
1643731015422
0.006969862,0.9765024,-0.2153937,0,
0.999828,-0.003103845,0.01828225,0,
0.01718413,-0.2154841,-0.976356,0,
0.04986944,0.1066176,-0.1463956,1,
1643731015488
0.006971505,0.9764992,-0.2154088,0,
0.9998279,-0.003102545,0.01829329,0,
0.01719504,-0.2154992,-0.9763527,0,
0.04986258,0.1066304,-0.1463719,1,
1643731015555
0.006976359,0.9764875,-0.2154604,0,
0.9998278,-0.003107283,0.01829164,0,
0.0171921,-0.215551,-0.976341,0,
0.04987612,0.1066325,-0.1463816,1,
1643731015621
0.006962765,0.9764956,-0.2154245,0,
0.9998282,-0.003097575,0.01827555,0,
0.01717874,-0.2155148,-0.9763492,0,
0.04986954,0.1066394,-0.1463588,1,
1643731015687
0.006966509,0.9764935,-0.2154338,0,
0.999828,-0.003099743,0.01828268,0,
0.01718517,-0.2155241,-0.976347,0,
0.04986896,0.1066591,-0.1463668,1,
1643731015752
0.006962556,0.9764897,-0.2154511,0,
0.9998278,-0.003092676,0.0182945,0,
0.0171981,-0.2155414,-0.976343,0,
0.04984269,0.1066756,-0.1463542,1,
1643731015818
0.006949585,0.9764911,-0.2154457,0,
0.9998277,-0.003075268,0.01831247,0,
0.01721941,-0.2155358,-0.9763442,0,
0.04984701,0.1066712,-0.1463631,1,
1643731015885
0.006942388,0.9764843,-0.215476,0,
0.9998272,-0.003063727,0.0183303,0,
0.01723912,-0.215566,-0.9763368,0,
0.04983329,0.1066708,-0.1463677,1,
1643731015950
0.006951109,0.9764873,-0.2154623,0,
0.9998271,-0.003070723,0.01833991,0,
0.01724709,-0.2155525,-0.9763397,0,
0.04986214,0.1066734,-0.1463644,1,
1643731016017
0.006960183,0.9764842,-0.2154775,0,
0.9998269,-0.003074698,0.01836047,0,
0.01726614,-0.2155679,-0.9763364,0,
0.0498741,0.1066791,-0.1463515,1,
1643731016083
0.006956872,0.9764833,-0.2154798,0,
0.9998267,-0.00307326,0.01835421,0,
0.01726039,-0.2155702,-0.9763354,0,
0.04986375,0.1067113,-0.1463557,1,
1643731016148
0.006957695,0.9764855,-0.2154704,0,
0.9998264,-0.003068242,0.01838052,0,
0.01728719,-0.2155609,-0.9763373,0,
0.04986491,0.1067082,-0.146358,1,
1643731016215
0.00692939,0.976495,-0.2154276,0,
0.9998263,-0.003039032,0.01838621,0,
0.0172994,-0.2155176,-0.9763463,0,
0.04983858,0.106723,-0.1463498,1,
1643731016281
0.00692134,0.9764857,-0.2154705,0,
0.9998261,-0.003026143,0.01840306,0,
0.01731831,-0.2155604,-0.9763367,0,
0.04982409,0.1067392,-0.146353,1,
1643731016347
0.00691694,0.9764862,-0.2154692,0,
0.9998268,-0.003029823,0.01836506,0,
0.01728038,-0.2155589,-0.9763379,0,
0.04982046,0.1067467,-0.1463054,1,
1643731016412
0.006950192,0.9764848,-0.2154739,0,
0.999827,-0.003069229,0.01834172,0,
0.01724911,-0.2155641,-0.9763371,0,
0.04984868,0.106742,-0.1463133,1,
1643731016478
0.0069451,0.976503,-0.2153922,0,
0.9998268,-0.003060848,0.01836161,0,
0.01727088,-0.2154824,-0.976355,0,
0.04983012,0.1067611,-0.1463301,1,
1643731016544
0.006945867,0.9765014,-0.2153994,0,
0.9998272,-0.003066387,0.01833939,0,
0.01724794,-0.2154895,-0.9763538,0,
0.04983175,0.1067671,-0.1463335,1,
1643731016610
0.006943882,0.9764863,-0.2154673,0,
0.9998271,-0.003064457,0.0183343,0,
0.01724292,-0.2155574,-0.9763387,0,
0.04985314,0.1067701,-0.1463303,1,
1643731016676
0.006945875,0.9764853,-0.2154724,0,
0.9998276,-0.003070205,0.01831556,0,
0.01722332,-0.2155624,-0.9763383,0,
0.04983732,0.1067777,-0.1463406,1,
1643731016742
0.006964386,0.9764858,-0.2154689,0,
0.9998273,-0.003086768,0.01832763,0,
0.01723158,-0.2155593,-0.9763386,0,
0.04985073,0.1067658,-0.1463379,1,
1643731016809
0.006946437,0.976468,-0.2155496,0,
0.9998276,-0.003071606,0.01830736,0,
0.0172145,-0.2156396,-0.976321,0,
0.04984292,0.106782,-0.1463511,1,
1643731016874
0.006954279,0.9764711,-0.2155367,0,
0.9998277,-0.003079113,0.01830888,0,
0.0172144,-0.2156269,-0.9763243,0,
0.04984146,0.1067833,-0.146341,1,
1643731016940
0.006950829,0.9764848,-0.215475,0,
0.9998283,-0.00308295,0.0182798,0,
0.01718561,-0.215565,-0.9763386,0,
0.04983372,0.1067989,-0.1463462,1,
1643731017007
0.006923717,0.9764798,-0.2154977,0,
0.9998287,-0.003061477,0.01825122,0,
0.01716221,-0.2155871,-0.9763337,0,
0.04985526,0.1068127,-0.1463494,1,
1643731017073
0.006898165,0.9764746,-0.2155222,0,
0.9998291,-0.003037103,0.01824054,0,
0.01715684,-0.2156112,-0.9763286,0,
0.04986043,0.1068199,-0.1463886,1,
1643731017138
0.006899361,0.9764888,-0.2154573,0,
0.9998293,-0.003042933,0.01822583,0,
0.01714171,-0.2155462,-0.976343,0,
0.0498921,0.1068181,-0.1463822,1,
1643731017204
0.00691577,0.9764647,-0.2155661,0,
0.9998295,-0.003059786,0.01821602,0,
0.01712771,-0.2156553,-0.9763193,0,
0.04991329,0.1068135,-0.1464069,1,
1643731017271
0.006936181,0.9764598,-0.2155873,0,
0.9998289,-0.003075916,0.01823732,0,
0.01714493,-0.2156769,-0.9763139,0,
0.04992302,0.1068117,-0.1464169,1,
1643731017337
0.006932065,0.976477,-0.2155108,0,
0.9998293,-0.003075745,0.01822278,0,
0.01713122,-0.2156003,-0.9763317,0,
0.04991101,0.1068133,-0.1464487,1,
1643731017403
0.006954793,0.9764692,-0.2155451,0,
0.9998293,-0.003098898,0.01822124,0,
0.01712452,-0.215635,-0.976324,0,
0.04993891,0.106788,-0.1464518,1,
1643731017468
0.006957855,0.9764716,-0.2155325,0,
0.9998289,-0.003101341,0.01822753,0,
0.01713028,-0.2156224,-0.9763261,0,
0.04992227,0.1067749,-0.146477,1,
1643731017535
0.006958168,0.976468,-0.2155505,0,
0.9998292,-0.003101002,0.01822657,0,
0.01712922,-0.2156404,-0.9763228,0,
0.04992311,0.1067614,-0.1464769,1,
1643731017600
0.006949835,0.9764832,-0.2154807,0,
0.9998291,-0.003094964,0.01822337,0,
0.01712795,-0.2155705,-0.9763377,0,
0.04992505,0.1067446,-0.1464786,1,
1643731017666
0.00695755,0.9765122,-0.2153504,0,
0.9998296,-0.003108993,0.01820331,0,
0.01710619,-0.2154403,-0.9763675,0,
0.04993428,0.1067205,-0.146476,1,
1643731017732
0.006955225,0.9764909,-0.2154464,0,
0.9998297,-0.003108144,0.01819006,0,
0.0170928,-0.2155362,-0.9763462,0,
0.04991641,0.1066853,-0.1464886,1,
1643731017798
0.006947104,0.9764802,-0.2154945,0,
0.9998294,-0.003096208,0.01820358,0,
0.01710825,-0.2155842,-0.976335,0,
0.04992481,0.1066533,-0.1464804,1,
1643731017864
0.006947521,0.9764969,-0.2154199,0,
0.9998297,-0.003099617,0.01819465,0,
0.01709929,-0.2155096,-0.976352,0,
0.04990693,0.1066349,-0.146481,1,
1643731017930
0.00692457,0.976503,-0.215393,0,
0.9998299,-0.003078084,0.01818791,0,
0.01709753,-0.2154822,-0.9763581,0,
0.04990868,0.1066186,-0.1464757,1,
1643731017997
0.006930232,0.976506,-0.2153776,0,
0.9998297,-0.003084578,0.01818776,0,
0.01709616,-0.215467,-0.9763612,0,
0.0499289,0.1066081,-0.1464805,1,
1643731018062
0.006937649,0.9764908,-0.2154475,0,
0.9998296,-0.00308859,0.0181972,0,
0.01710398,-0.215537,-0.9763457,0,
0.04993944,0.1065942,-0.1465013,1,
1643731018128
0.006923437,0.9764884,-0.2154588,0,
0.9998302,-0.003078572,0.0181751,0,
0.01708445,-0.215548,-0.9763438,0,
0.04992857,0.106596,-0.1465027,1,
1643731018195
0.006945267,0.9764959,-0.2154242,0,
0.9998301,-0.00310152,0.01817538,0,
0.01708003,-0.2155138,-0.9763514,0,
0.04994752,0.1065828,-0.1464913,1,
1643731018260
0.006933097,0.9765039,-0.2153884,0,
0.9998303,-0.003091123,0.01816827,0,
0.01707558,-0.2154778,-0.9763596,0,
0.04994609,0.1065788,-0.1464851,1,
1643731018326
0.006928656,0.9764937,-0.2154341,0,
0.9998301,-0.003085259,0.01817245,0,
0.01708065,-0.2155234,-0.976349,0,
0.04993342,0.1065605,-0.1464935,1,
1643731018392
0.00695198,0.9765076,-0.2153705,0,
0.9998302,-0.003112078,0.0181634,0,
0.01706646,-0.2154602,-0.9763634,0,
0.04993715,0.1065496,-0.1464695,1,
1643731018459
0.006946873,0.9765148,-0.2153381,0,
0.9998302,-0.003106181,0.01816843,0,
0.01707285,-0.2154277,-0.9763706,0,
0.04994031,0.1065469,-0.1464633,1,
1643731018524
0.006960504,0.9765022,-0.2153948,0,
0.9998299,-0.003116127,0.01818232,0,
0.01708387,-0.2154847,-0.9763577,0,
0.04994424,0.1065414,-0.1464391,1,
1643731018590
0.006977566,0.9765012,-0.2153985,0,
0.9998296,-0.003133077,0.01818539,0,
0.01708322,-0.2154887,-0.9763566,0,
0.04996099,0.1065511,-0.1464239,1,
1643731018657
0.006959431,0.9765244,-0.2152952,0,
0.9998292,-0.003105909,0.0182303,0,
0.0171336,-0.2153853,-0.9763792,0,
0.04994603,0.1065785,-0.1464038,1,
1643731018723
0.006984647,0.9765209,-0.2153102,0,
0.9998288,-0.003127549,0.01824856,0,
0.01714667,-0.2154007,-0.9763754,0,
0.04994366,0.1066009,-0.1463878,1,
1643731018788
0.006974857,0.9765156,-0.2153346,0,
0.9998286,-0.003114499,0.01825953,0,
0.01716,-0.215425,-0.97637,0,
0.04993145,0.1066014,-0.1463753,1,
1643731018854
0.006980799,0.9765163,-0.2153302,0,
0.9998285,-0.003121067,0.01825936,0,
0.01715849,-0.2154207,-0.9763706,0,
0.04993602,0.1066067,-0.1463632,1,
1643731018920
0.006975781,0.9765027,-0.2153918,0,
0.9998283,-0.003113851,0.01826451,0,
0.01716467,-0.2154822,-0.9763567,0,
0.0499065,0.1066173,-0.1463688,1,
1643731018986
0.00696481,0.9764876,-0.2154604,0,
0.9998286,-0.003106173,0.01824345,0,
0.01714528,-0.2155506,-0.9763418,0,
0.04988983,0.1066295,-0.1463809,1,
1643731019052
0.006968547,0.9765025,-0.2153937,0,
0.9998288,-0.003109381,0.01825,0,
0.01715141,-0.215484,-0.9763567,0,
0.04988087,0.1066559,-0.1463923,1,
1643731019118
0.006986212,0.9765078,-0.2153682,0,
0.9998289,-0.003132079,0.01823236,0,
0.01712951,-0.2154587,-0.9763625,0,
0.04988228,0.1066619,-0.146403,1,
1643731019185
0.006981574,0.9764944,-0.2154301,0,
0.9998295,-0.003131051,0.01820852,0,
0.01710596,-0.2155204,-0.9763498,0,
0.04989472,0.1066653,-0.1464234,1,
1643731019250
0.006973505,0.976497,-0.2154182,0,
0.9998291,-0.00312037,0.01822202,0,
0.01712158,-0.2155084,-0.9763517,0,
0.04988745,0.1066649,-0.1464418,1,
1643731019316
0.006974425,0.9764979,-0.2154149,0,
0.9998292,-0.003120158,0.01822516,0,
0.01712464,-0.2155052,-0.976353,0,
0.04989561,0.1066611,-0.1464185,1,
1643731019383
0.00696937,0.9764921,-0.2154414,0,
0.9998292,-0.003113426,0.01823092,0,
0.01713157,-0.2155316,-0.9763468,0,
0.04987896,0.1066766,-0.1464098,1,
1643731019448
0.006976206,0.9764996,-0.2154057,0,
0.9998286,-0.003118206,0.01824609,0,
0.01714564,-0.2154961,-0.9763539,0,
0.04988536,0.1066774,-0.1464085,1,
1643731019515
0.006992403,0.9765087,-0.2153647,0,
0.9998285,-0.003132254,0.01825952,0,
0.01715599,-0.2154554,-0.9763629,0,
0.04988884,0.106685,-0.1463928,1,
1643731019580
0.006999437,0.9764972,-0.2154157,0,
0.9998285,-0.003141452,0.01824797,0,
0.01714242,-0.2155065,-0.9763516,0,
0.04990324,0.1066725,-0.1463831,1,
1643731019647
0.006991867,0.9764967,-0.2154182,0,
0.9998282,-0.003130853,0.01826078,0,
0.01715719,-0.2155089,-0.9763508,0,
0.04990179,0.1066468,-0.1463895,1,
1643731019713
0.007009469,0.9764975,-0.2154145,0,
0.9998285,-0.003150087,0.01825417,0,
0.01714657,-0.2155055,-0.976352,0,
0.04990576,0.1066407,-0.1463714,1,
1643731019778
0.007022258,0.9764996,-0.2154054,0,
0.9998283,-0.003161382,0.0182631,0,
0.01715293,-0.2154966,-0.9763539,0,
0.04990803,0.1066454,-0.1463804,1,
1643731019844
0.007034849,0.9764992,-0.2154061,0,
0.9998286,-0.003180131,0.01823675,0,
0.01712317,-0.2154974,-0.9763542,0,
0.04993459,0.1066271,-0.1463944,1,
1643731019910
0.007019363,0.976507,-0.2153714,0,
0.9998288,-0.003165714,0.01823264,0,
0.0171225,-0.2154624,-0.976362,0,
0.04993397,0.1066372,-0.14638,1,
1643731019976
0.007009324,0.9765047,-0.2153823,0,
0.9998291,-0.00315734,0.01822233,0,
0.01711411,-0.2154731,-0.97636,0,
0.04995013,0.1066294,-0.1463986,1,
1643731020042
0.007004276,0.9765043,-0.2153844,0,
0.9998294,-0.00315557,0.01820683,0,
0.01709936,-0.2154751,-0.9763598,0,
0.04994538,0.1066211,-0.146409,1,
1643731020108
0.006992124,0.976495,-0.2154257,0,
0.9998295,-0.003145996,0.01819252,0,
0.01708722,-0.2155162,-0.9763504,0,
0.04994183,0.1066221,-0.1464314,1,
1643731020174
0.006982572,0.9764938,-0.2154319,0,
0.9998299,-0.00314096,0.01817027,0,
0.01706652,-0.2155221,-0.9763496,0,
0.0499459,0.1066195,-0.1464518,1,
1643731020241
0.006960824,0.9764904,-0.2154485,0,
0.9998299,-0.00311482,0.01818515,0,
0.01708653,-0.2155384,-0.9763459,0,
0.04992528,0.1066114,-0.1464923,1,
1643731020306
0.006955929,0.9764989,-0.2154097,0,
0.9998297,-0.00311039,0.01818669,0,
0.0170893,-0.2154995,-0.9763542,0,
0.04992794,0.1065957,-0.1464975,1,
1643731020372
0.006971054,0.9764944,-0.2154307,0,
0.9998297,-0.003123756,0.0181936,0,
0.01709298,-0.2155208,-0.9763497,0,
0.04991573,0.1065772,-0.1465023,1,
1643731020438
0.006992321,0.9764988,-0.2154088,0,
0.9998296,-0.003149237,0.01818,0,
0.01707441,-0.2154992,-0.9763545,0,
0.04990613,0.1065667,-0.1464985,1,
1643731020505
0.00700349,0.9765003,-0.2154027,0,
0.9998299,-0.003161963,0.01817284,0,
0.01706466,-0.2154933,-0.9763563,0,
0.04990809,0.1065494,-0.1465063,1,
1643731020570
0.006998025,0.9764995,-0.2154061,0,
0.9998299,-0.003156263,0.01817394,0,
0.01706697,-0.2154966,-0.9763554,0,
0.04991051,0.1065353,-0.146488,1,
1643731020636
0.007012043,0.9764959,-0.2154217,0,
0.9998298,-0.003171179,0.01817093,0,
0.01706074,-0.2155125,-0.9763517,0,
0.04992652,0.1065309,-0.1464864,1,
1643731020702
0.00699446,0.9765121,-0.215348,0,
0.9998299,-0.003156248,0.01816367,0,
0.01705741,-0.2154385,-0.976368,0,
0.04992869,0.1065355,-0.1464665,1,
1643731020768
0.00701797,0.9765043,-0.2153828,0,
0.9998299,-0.003181759,0.01815404,0,
0.01704223,-0.2154737,-0.9763606,0,
0.04993311,0.1065467,-0.1464777,1,
1643731020834
0.007009037,0.9764943,-0.2154289,0,
0.9998299,-0.003169231,0.01816515,0,
0.01705545,-0.2155196,-0.9763503,0,
0.04992779,0.1065416,-0.1464748,1,
1643731020901
0.007024404,0.9765142,-0.2153383,0,
0.9998295,-0.003180627,0.0181915,0,
0.01707935,-0.2154294,-0.97637,0,
0.04992512,0.1065401,-0.1464679,1,
1643731020966
0.00703834,0.9765174,-0.215324,0,
0.9998299,-0.003200177,0.0181679,0,
0.01705218,-0.2154152,-0.9763737,0,
0.04993657,0.1065286,-0.1464656,1,
1643731021032
0.007038523,0.9765035,-0.2153867,0,
0.9998301,-0.003200974,0.01815999,0,
0.01704383,-0.2154779,-0.9763601,0,
0.04994087,0.1065038,-0.1464709,1,
1643731021098
0.007022865,0.9765007,-0.2153991,0,
0.9998303,-0.003188461,0.01814386,0,
0.01703071,-0.21549,-0.9763575,0,
0.04994503,0.1064966,-0.1464787,1,
1643731021164
0.007029977,0.9765066,-0.2153726,0,
0.9998305,-0.003199428,0.01812958,0,
0.01701461,-0.2154636,-0.9763635,0,
0.04996399,0.1064911,-0.1464911,1,
1643731021230
0.007038984,0.9764964,-0.2154187,0,
0.9998308,-0.003210992,0.01811478,0,
0.01699731,-0.2155098,-0.9763537,0,
0.04996325,0.1065059,-0.1464962,1,
1643731021692
0.007056702,0.9765066,-0.2153728,0,
0.9998298,-0.003214952,0.01818074,0,
0.01706113,-0.2154644,-0.9763631,0,
0.04994398,0.1065444,-0.1464926,1,
1643731024002
0.007082231,0.9765073,-0.2153676,0,
0.9998274,-0.00321579,0.01829828,0,
0.01717583,-0.21546,-0.9763615,0,
0.0498684,0.1065036,-0.1463383,1,
1643731024068
0.007072084,0.9765139,-0.2153386,0,
0.9998279,-0.003209379,0.01828144,0,
0.01716095,-0.2154308,-0.9763685,0,
0.04986935,0.106519,-0.1463544,1,
1643731024134
0.007084351,0.976545,-0.2151966,0,
0.9998275,-0.003222696,0.01829071,0,
0.01716819,-0.2152891,-0.9763994,0,
0.04986777,0.106529,-0.1463552,1,
1643731024200
0.007110044,0.9765406,-0.2152174,0,
0.999828,-0.003250729,0.0182781,0,
0.01714962,-0.2153103,-0.9763957,0,
0.04987411,0.1065218,-0.1463366,1,
1643731024332
0.007106327,0.9765186,-0.2153161,0,
0.9998288,-0.003257561,0.01822358,0,
0.01709425,-0.2154087,-0.9763746,0,
0.04985963,0.1064834,-0.1463182,1,
1643731024465
0.007110197,0.9765292,-0.2152686,0,
0.9998294,-0.003268689,0.01819389,0,
0.01706316,-0.2153611,-0.9763858,0,
0.0498768,0.1064926,-0.1463428,1,
1643731024531
0.007126804,0.9765198,-0.2153092,0,
0.9998288,-0.003282178,0.01820932,0,
0.0170751,-0.2154021,-0.9763759,0,
0.04992171,0.1065055,-0.1463649,1,
1643731025058
0.007097159,0.9765252,-0.2152873,0,
0.9998285,-0.003242858,0.01824944,0,
0.01712285,-0.2153798,-0.9763805,0,
0.04992589,0.106538,-0.1464115,1,
1643731025256
0.007036183,0.9765355,-0.2152411,0,
0.999828,-0.00317679,0.01827214,0,
0.01715966,-0.2153327,-0.9763897,0,
0.04991471,0.1065738,-0.1463608,1,
1643731025322
0.007023912,0.9765369,-0.215235,0,
0.9998283,-0.003168631,0.01825211,0,
0.01714187,-0.2153263,-0.9763916,0,
0.04990659,0.1065756,-0.1463613,1,
1643731025388
0.007002588,0.9765201,-0.215312,0,
0.9998289,-0.00315224,0.01822145,0,
0.0171149,-0.2154028,-0.9763752,0,
0.04990778,0.1065901,-0.1463615,1,
1643731025455
0.006994884,0.9765261,-0.215286,0,
0.9998296,-0.003150269,0.01819518,0,
0.01708983,-0.2153765,-0.9763817,0,
0.04990474,0.1066022,-0.1463344,1,
1643731025521
0.006979786,0.9765254,-0.2152886,0,
0.9998293,-0.003132101,0.01820888,0,
0.01710716,-0.2153789,-0.9763805,0,
0.04991127,0.1066146,-0.1463345,1,
1643731025652
0.006979402,0.9765394,-0.2152249,0,
0.9998284,-0.003122516,0.01825575,0,
0.01715544,-0.2153154,-0.9763937,0,
0.04989299,0.1066237,-0.146338,1,
1643731025784
0.006987859,0.9765155,-0.2153344,0,
0.9998285,-0.003125802,0.01826928,0,
0.01716712,-0.2154251,-0.9763697,0,
0.04986915,0.1066503,-0.14632,1,
1643731025851
0.006977603,0.9765425,-0.2152111,0,
0.9998283,-0.003120724,0.01825741,0,
0.01715758,-0.2153016,-0.9763965,0,
0.04985437,0.1066533,-0.1462992,1,
1643731025916
0.006973885,0.9765291,-0.2152721,0,
0.999828,-0.003111448,0.01827718,0,
0.01717843,-0.2153625,-0.9763827,0,
0.04982361,0.1066397,-0.1463048,1,
1643731025982
0.006964747,0.9765115,-0.2153516,0,
0.999828,-0.00310123,0.01827478,0,
0.01717773,-0.2154419,-0.9763651,0,
0.04979147,0.1066454,-0.1463109,1,
1643731026048
0.00699253,0.9765308,-0.2152638,0,
0.999828,-0.003129575,0.01828125,0,
0.01717854,-0.2153546,-0.9763846,0,
0.04980036,0.1066323,-0.1463173,1,
1643731026115
0.006981894,0.9765352,-0.2152433,0,
0.9998281,-0.003121976,0.01826963,0,
0.01716902,-0.2153339,-0.976389,0,
0.04981424,0.1066463,-0.1463069,1,
1643731026313
0.006973393,0.9765332,-0.2152538,0,
0.9998286,-0.003116999,0.01825017,0,
0.01715096,-0.2153442,-0.9763875,0,
0.04983234,0.1066867,-0.14635,1,
1643731026378
0.00700105,0.9765151,-0.2153354,0,
0.9998283,-0.003138848,0.01827131,0,
0.01716627,-0.2154263,-0.9763694,0,
0.04984569,0.1066663,-0.1463815,1,
1643731026445
0.00699567,0.9765277,-0.2152779,0,
0.9998276,-0.003128242,0.01830079,0,
0.0171978,-0.2153688,-0.9763812,0,
0.04981368,0.1066652,-0.1463755,1,
1643731026511
0.007003266,0.976536,-0.2152395,0,
0.9998268,-0.003128141,0.01834073,0,
0.01723713,-0.2153307,-0.9763887,0,
0.04979671,0.1066584,-0.1463827,1,
1643731026576
0.006993767,0.9765229,-0.2153008,0,
0.9998272,-0.003117345,0.01833691,0,
0.01723518,-0.2153918,-0.9763761,0,
0.04978471,0.10665,-0.1463782,1,
1643731026642
0.007006951,0.976512,-0.2153492,0,
0.9998269,-0.003128976,0.01834351,0,
0.01723884,-0.2154404,-0.9763647,0,
0.04979047,0.1066429,-0.1463715,1,
1643731026708
0.006990001,0.9765307,-0.2152632,0,
0.9998268,-0.003115334,0.01833627,0,
0.0172354,-0.2153541,-0.9763833,0,
0.04979288,0.1066308,-0.146357,1,
1643731026774
0.007000525,0.9765433,-0.2152082,0,
0.9998276,-0.003131259,0.0183135,0,
0.01721001,-0.2152993,-0.9763967,0,
0.04982796,0.1066318,-0.1463592,1,
1643731026841
0.006996777,0.976528,-0.2152781,0,
0.9998274,-0.003123052,0.01832646,0,
0.01722389,-0.2153691,-0.9763813,0,
0.04982807,0.1066137,-0.146357,1,
1643731026906
0.00699763,0.9765297,-0.2152697,0,
0.9998273,-0.003124624,0.01832584,0,
0.01722307,-0.2153607,-0.9763827,0,
0.04987019,0.1066149,-0.1463274,1,
1643731026972
0.00697799,0.9765158,-0.215333,0,
0.9998271,-0.003100868,0.01833732,0,
0.01723894,-0.2154237,-0.9763685,0,
0.04985255,0.1066077,-0.1463445,1,
1643731027236
0.006914567,0.9765054,-0.215382,0,
0.9998283,-0.003048528,0.01827676,0,
0.01719077,-0.2154714,-0.9763588,0,
0.04987197,0.1066102,-0.1463245,1,
1643731027302
0.006929647,0.9764972,-0.2154187,0,
0.9998289,-0.003072366,0.01823599,0,
0.01714556,-0.2155082,-0.9763514,0,
0.04989877,0.1066115,-0.1463267,1,
1643731027434
0.006957222,0.9765039,-0.2153876,0,
0.9998295,-0.003106076,0.0182121,0,
0.01711515,-0.2154775,-0.976359,0,
0.04991814,0.1066215,-0.1463412,1,
1643731027501
0.006992649,0.9765127,-0.2153458,0,
0.9998291,-0.003142353,0.01821738,0,
0.01711283,-0.2154364,-0.9763677,0,
0.04991801,0.1066121,-0.14637,1,
1643731027566
0.006971329,0.9765345,-0.2152481,0,
0.9998295,-0.003127448,0.01819379,0,
0.0170937,-0.2153382,-0.9763898,0,
0.0499076,0.1066185,-0.1463813,1,
1643731027698
0.006973445,0.9764878,-0.2154588,0,
0.9998294,-0.003125019,0.01819913,0,
0.01709798,-0.215549,-0.9763429,0,
0.04989999,0.1066203,-0.1464436,1,
1643731027830
0.006951053,0.9765182,-0.215323,0,
0.9998298,-0.003105659,0.01819147,0,
0.01709557,-0.2154127,-0.9763735,0,
0.0499076,0.1066211,-0.146461,1,
1643731027896
0.00693991,0.9764984,-0.2154136,0,
0.9998304,-0.00309933,0.01816099,0,
0.01706652,-0.2155031,-0.9763541,0,
0.04990902,0.1066362,-0.1464562,1,
1643731027963
0.006958254,0.976503,-0.2153907,0,
0.99983,-0.003118094,0.01816475,0,
0.01706637,-0.2154805,-0.9763587,0,
0.04992458,0.106637,-0.1464756,1,
1643731028028
0.006965354,0.9765033,-0.2153895,0,
0.9998302,-0.003125921,0.01816095,0,
0.01706094,-0.2154794,-0.9763593,0,
0.04991689,0.106657,-0.1464702,1,
1643731028094
0.006951008,0.9765036,-0.2153877,0,
0.9998297,-0.003107183,0.01818174,0,
0.01708535,-0.2154775,-0.9763588,0,
0.04989273,0.1066557,-0.1465,1,
1643731028161
0.006954849,0.9765267,-0.215284,0,
0.9998298,-0.003112994,0.01818003,0,
0.01708313,-0.2153738,-0.9763821,0,
0.04989967,0.1066722,-0.146486,1,
1643731028226
0.006945409,0.9765242,-0.2152951,0,
0.9998294,-0.003095981,0.01821213,0,
0.01711805,-0.2153849,-0.9763791,0,
0.04991225,0.1066684,-0.1464657,1,
1643731028293
0.006964739,0.976503,-0.2153913,0,
0.9998295,-0.003114611,0.01820841,0,
0.01710968,-0.2154813,-0.9763582,0,
0.0499296,0.1066385,-0.1464675,1,
1643731028358
0.0069317,0.9765305,-0.2152675,0,
0.9998292,-0.003079422,0.01822598,0,
0.01713534,-0.2153571,-0.9763849,0,
0.04989061,0.1066499,-0.1464287,1,
1643731028424
0.006968275,0.9765245,-0.2152936,0,
0.9998287,-0.003112677,0.01824282,0,
0.01714444,-0.2153839,-0.9763788,0,
0.04990965,0.1066292,-0.146422,1,
1643731028490
0.006953768,0.9765242,-0.2152953,0,
0.9998286,-0.003095329,0.01825414,0,
0.01715922,-0.2153854,-0.9763782,0,
0.04988493,0.1066053,-0.1464191,1,
1643731028556
0.006942112,0.9765511,-0.2151738,0,
0.9998283,-0.003081504,0.018272,0,
0.01718048,-0.2152636,-0.9764048,0,
0.04988119,0.1065718,-0.1464006,1,
1643731028622
0.006936427,0.9765437,-0.2152069,0,
0.999828,-0.003071327,0.01828967,0,
0.0171997,-0.2152967,-0.976397,0,
0.04985768,0.1065614,-0.1463865,1,
1643731028688
0.00696433,0.9765179,-0.2153239,0,
0.9998277,-0.003093474,0.01830772,0,
0.0172117,-0.2154143,-0.9763712,0,
0.04987461,0.1065275,-0.1463711,1,
1643731028755
0.006964669,0.9765369,-0.2152375,0,
0.9998274,-0.003092896,0.01831924,0,
0.01722368,-0.2153279,-0.97639,0,
0.0498474,0.1065124,-0.1463347,1,
1643731028820
0.006953921,0.9765301,-0.2152688,0,
0.9998275,-0.003082164,0.01831615,0,
0.01722277,-0.215359,-0.976383,0,
0.04983592,0.106496,-0.1463391,1,
1643731028886
0.006945528,0.9765239,-0.2152968,0,
0.9998277,-0.003076103,0.01830292,0,
0.01721099,-0.2153868,-0.976377,0,
0.0498018,0.10648,-0.1463553,1,
1643731028952
0.006970543,0.976541,-0.21522,0,
0.9998277,-0.003099788,0.01831535,0,
0.01721849,-0.2153105,-0.9763942,0,
0.0498048,0.1064646,-0.1463484,1,
1643731029018
0.006968666,0.9765239,-0.2152969,0,
0.999828,-0.00310073,0.01829667,0,
0.01719951,-0.2153873,-0.9763775,0,
0.04980339,0.1064541,-0.1463658,1,
1643731029084
0.006956182,0.9765087,-0.2153657,0,
0.9998278,-0.003084727,0.01830657,0,
0.01721217,-0.2154559,-0.9763619,0,
0.04981064,0.1064521,-0.1463813,1,
1643731029150
0.006982837,0.976521,-0.2153088,0,
0.9998274,-0.003112204,0.0183117,0,
0.01721169,-0.2153995,-0.9763741,0,
0.0497907,0.1064366,-0.1463803,1,
1643731029217
0.007003535,0.9765299,-0.2152688,0,
0.9998276,-0.003132839,0.01831472,0,
0.01721041,-0.2153599,-0.9763835,0,
0.0497792,0.1064306,-0.1463648,1,
1643731029283
0.00699221,0.9765159,-0.2153313,0,
0.9998279,-0.003127165,0.01828511,0,
0.01718235,-0.2154221,-0.9763697,0,
0.04977248,0.1064184,-0.1463649,1,
1643731029348
0.006991502,0.9765188,-0.2153187,0,
0.9998284,-0.003131054,0.01826471,0,
0.01716166,-0.2154094,-0.976373,0,
0.04979001,0.1064156,-0.1463789,1,
1643731029414
0.006991107,0.9765306,-0.2152644,0,
0.9998282,-0.003131673,0.01826624,0,
0.01716346,-0.2153552,-0.9763845,0,
0.04979597,0.1064456,-0.146375,1,
1643731029480
0.007012632,0.9765291,-0.2152704,0,
0.9998283,-0.003157217,0.01824954,0,
0.0171416,-0.2153614,-0.9763836,0,
0.04980787,0.106441,-0.1464004,1,
1643731029547
0.007003669,0.9765235,-0.215296,0,
0.9998285,-0.003148772,0.01824472,0,
0.01713855,-0.2153869,-0.9763779,0,
0.04984091,0.106457,-0.1464107,1,
1643731029612
0.006976571,0.9765446,-0.2152003,0,
0.9998288,-0.00312762,0.01822358,0,
0.01712317,-0.2152906,-0.9763992,0,
0.04985623,0.1064471,-0.1464208,1,
1643731029678
0.00700203,0.9765208,-0.215309,0,
0.9998294,-0.003157001,0.01819788,0,
0.01709092,-0.2153997,-0.9763762,0,
0.04990163,0.106454,-0.146433,1,
1643731029744
0.007007014,0.976512,-0.215349,0,
